-0.211234 0.59688 -0.604897 0.536459 0.107904 -0.045206 0.257742 -0.270431 0.026802 0.904459 0.832548 0.271423 0.434594 -0.716795 0.214323 -0.967399 -0.514226 -0.725537 0.608354 -0.686642 -0.198111 -0.740419 -0.782382 0.997849 -0.563486 0.025865 0.678224 0.22528 
0.275105 -0.012834 -0.414966 0.05349 -0.199543 0.783059 -0.433371 -0.295083 0.615449 0.838053 -0.860489 0.898654 0.051991 -0.827888 -0.615572 0.326454 0.780465 -0.302214 -0.871657 -0.959954 -0.084597 -0.873808 -0.52344 0.941268 0.804416 0.70184 -0.466669 0.079521 
0.523233 0.335448 -0.921439 0.86367 0.441905 -0.431413 0.478137 0.279958 -0.291418 0.375723 -0.666237 -0.119791 0.76015 0.658402 -0.34113 -0.542064 0.786745 -0.29928 0.37334 0.912937 0.176812 0.314608 0.717353 -0.12088 0.84794 -0.203127 0.629534 0.368437 
-0.035019 0.900505 -0.70468 0.282161 0.239193 -0.437881 0.572004 -0.385084 -0.105933 -0.547787 -0.624934 -0.447531 0.112888 -0.166997 -0.660786 0.813608 -0.793658 -0.747849 -0.009112 0.52095 0.969503 0.870008 0.36889 -0.233623 0.499542 -0.262673 -0.411679 -0.535477 
-0.512798 0.464297 0.586034 0.490143 0.900208 -0.894941 0.043127 -0.647579 -0.519268 0.595596 0.465309 0.313127 0.933771 0.278917 0.51947 -0.813039 -0.727961 0.04042 -0.841043 -0.860187 -0.588534 -0.077159 0.639355 0.146637 0.511162 -0.896122 -0.684386 0.999987 
-0.591343 0.779911 -0.749063 0.995598 -0.891885 0.74108 -0.855342 -0.991677 0.846138 0.187784 -0.639255 -0.673737 -0.21662 0.826053 0.63939 -0.281809 0.10497 0.15886 -0.094848 0.374775 -0.80072 0.061616 0.514588 -0.39141 0.984457 0.153942 0.755228 0.495619 
0.25782 -0.929158 0.495883 0.666477 0.850772 0.746543 0.664455 0.958868 0.485235 0.806733 0.96653 0.333761 -0.005483 -0.672064 0.660024 0.777898 -0.84627 0.299414 -0.50357 0.258959 -0.541726 0.40124 -0.373326 -0.342446 -0.536104 -0.851678 0.266144 -0.552687 
0.302264 0.021372 0.942931 -0.439916 0.092214 0.438537 -0.773439 -0.057033 0.18508 0.888636 -0.098165 -0.327298 0.695369 -0.130973 -0.993537 -0.310114 0.196963 0.666487 -0.532217 0.350952 -0.034099 -0.036128 -0.390089 0.424175 -0.634888 0.243646 -0.918271 -0.172033 
0.391968 0.347873 0.274943 -0.305768 -0.62907 0.218212 0.252941 0.461459 -0.346629 0.480877 -0.595833 0.841829 0.369513 0.306261 -0.485469 0.064882 -0.824488 -0.479006 0.754768 0.37225 -0.812072 -0.777449 -0.276798 0.153381 0.188805 0.333113 -0.422444 0.551534 
-0.423241 -0.340716 -0.620498 0.968726 -0.992843 0.654782 -0.337042 -0.623598 -0.127006 0.917274 0.837861 0.529743 0.398151 -0.757714 0.371572 -0.232336 0.548547 0.886103 0.832546 0.723834 -0.592904 0.587314 0.096084 -0.405423 0.809865 0.819286 0.747958 -0.003712 
0.152399 -0.674487 -0.452178 0.729158 -0.015202 -0.072676 0.697884 -0.008045 -0.417893 -0.639158 0.368357 0.455101 -0.721884 0.206218 -0.012445 0.676267 0.447136 -0.643585 -0.5547 -0.002949 -0.761339 -0.723523 -0.279042 -0.350386 0.863791 0.816969 0.244191 0.673656 
0.636255 -0.007851 -0.330057 -0.211346 0.317662 0.217766 -0.482188 -0.69754 -0.85491 -0.784303 0.294415 -0.272803 -0.423461 -0.337228 -0.817703 -0.145345 0.868989 0.167141 -0.469077 0.317493 0.523556 -0.025146 -0.685456 0.766073 0.251331 0.035429 -0.584313 0.115121 
-0.147601 0.659878 -0.20574 -0.511346 -0.347973 0.45872 0.277308 0.969689 -0.323148 0.795121 -0.727851 -0.178424 -0.990803 0.566564 0.546745 -0.412644 -0.770664 0.73107 0.442012 -0.901675 -0.10179 0.972934 0.41397 -0.578234 -0.052212 0.730362 -0.812161 -0.800881 
-0.234208 -0.396474 0.31424 0.618191 -0.736596 -0.896983 -0.893155 -0.084569 0.561737 0.384153 -0.11488 -0.761777 0.179273 0.15727 0.059798 0.190091 -0.276166 -0.391429 0.777447 -0.046831 -0.660359 0.219458 0.051494 0.237851 0.192392 -0.532688 0.659617 -0.85982 
-0.802384 0.847456 -0.656956 -0.036533 -0.549018 0.653539 -0.419663 -0.285614 0.756555 -0.311498 0.628976 0.318292 -0.927929 -0.485062 0.556515 0.251928 0.668887 -0.383687 -0.556764 -0.603959 0.226813 -0.780535 0.34921 0.564525 0.438924 -0.599295 -0.197625 -0.368684 
-0.131983 -0.538008 -0.228504 0.065692 -0.690552 0.110795 -0.970841 -0.239571 -0.235666 -0.389184 0.474815 -0.47911 0.299318 0.104633 0.839182 0.371973 0.619571 0.395696 -0.376099 0.291778 -0.98799 0.06592 0.687819 0.236894 0.285385 0.03703 -0.198582 -0.275691 
0.433832 0.603793 0.355625 -0.694248 -0.93923 -0.872879 0.37209 -0.624767 0.237917 0.400602 0.135662 -0.997749 -0.988412 -0.389522 -0.478884 0.310736 0.715226 -0.637678 -0.317503 0.334681 0.758019 0.30661 -0.373541 0.770028 -0.62321 -0.685722 0.006922 0.657915 
0.351308 0.80834 -0.617777 -0.210957 0.412133 0.737848 0.094794 0.477919 0.864969 -0.533762 0.853152 0.102886 0.86684 -0.011186 0.105137 0.878258 0.599291 0.628277 0.188995 0.314402 0.9906 0.871703 -0.350917 0.748619 0.178313 0.275542 0.518647 0.550843 
0.58982 -0.474431 0.208758 -0.058872 -0.666091 0.590981 0.730171 0.746043 0.328829 -0.175035 0.225845 0.193798 0.291203 0.077113 -0.700945 0.158043 -0.931371 0.401821 0.036301 0.665218 0.030098 -0.774704 -0.02038 0.020698 -0.903988 0.628703 -0.230683 0.275313 
-0.095755 -0.712036 -0.173844 -0.505935 -0.186467 -0.965087 0.435193 0.147442 0.625894 0.165365 -0.106515 -0.045277 0.99033 -0.882554 -0.851479 0.281533 0.19456 -0.554795 -0.560424 0.260486 0.847025 0.475877 -0.074296 -0.122876 0.701173 0.905325 0.897822 0.798172 
0.540633 -0.332862 0.075444 -0.561728 -0.045782 0.899641 -0.066225 0.768636 0.934554 -0.632469 -0.083922 0.560448 0.532895 0.809563 -0.484829 0.523225 0.928194 -0.336308 -0.201048 0.121569 0.108896 0.244333 -0.619199 -0.044078 -0.27979 0.30776 0.833045 -0.578617 
0.213084 0.730867 -0.780445 -0.252888 -0.601995 0.29304 0.185384 0.353108 0.192681 -0.882279 0.121744 0.127235 -0.514748 -0.962178 -0.312317 -0.981853 0.847385 0.202853 0.541372 0.774394 0.866545 -0.653871 -0.104037 -0.024559 0.590463 0.278018 0.931363 -0.689327 
-0.414222 0.764409 -0.267944 0.798863 0.495276 -0.048389 -0.454026 0.893281 -0.755348 0.731358 0.246389 0.437333 0.84965 -0.631868 -0.435432 -0.665669 -0.594046 0.25225 -0.647522 -0.746662 -0.544896 0.893849 -0.975425 -0.678351 -0.760021 -0.076304 0.29709 0.830441 
-0.798286 0.228453 -0.858886 -0.212508 -0.007138 -0.12683 -0.413645 -0.511863 0.824781 0.132329 -0.618582 -0.930567 -0.136313 0.627807 0.506765 -0.287234 0.99594 -0.928667 0.047097 -0.598106 0.323583 0.399574 -0.344768 0.778687 0.293424 -0.317035 -0.899664 0.533402 
0.60666 0.397426 0.363843 0.808374 -0.374121 0.504957 -0.404134 0.618741 -0.621902 0.182221 -0.893121 -0.797092 -0.68545 -0.511703 -0.728057 0.178237 -0.883895 0.779106 0.891003 -0.887956 0.850439 -0.0619 -0.486062 0.174022 -0.662326 0.16917 -0.048141 0.631098 
0.852135 0.053045 0.1645 0.458795 -0.549529 -0.471656 0.26717 0.076351 -0.966699 0.863036 -0.304908 -0.588572 0.045257 -0.198029 -0.385663 0.359808 0.290268 -0.113322 -0.461955 0.406372 -0.334216 -0.570952 0.518417 -0.483777 0.367148 -0.967645 0.690246 0.704822 
0.200742 -0.357045 0.33592 0.05366 0.696 -0.499579 -0.487544 -0.853529 0.028764 0.779625 0.222822 0.062066 0.642662 0.917914 0.473494 -0.312081 -0.281824 -0.912169 -0.952274 -0.989848 -0.026755 -0.414229 0.416525 0.640292 0.011785 -0.065058 -0.84024 -0.618033 
-0.032703 0.846762 -0.913211 -0.831178 -0.510283 0.42271 0.222482 -0.814283 0.92313 0.734938 -0.667812 -0.048105 0.514564 0.55501 -0.98604 0.157225 0.472924 0.487454 0.845144 -0.807192 0.575285 0.89287 -0.797039 -0.450207 -0.521358 0.619486 -0.809915 0.493461 

-0.653399 0.521724 0.962217 -0.316921 -0.08906 -0.131204 0.305422 -0.352034 0.200984 -0.740048 -0.838562 -0.244006 -0.728145 0.319755 -0.771082 0.761366 0.162318 -0.578274 0.336651 0.05777 -0.375313 0.886444 0.532501 -0.755828 -0.920982 0.029872 -0.2014 -0.576869 
-0.679676 -0.132483 0.299573 -0.076102 0.560501 0.571865 0.369354 0.820453 0.734395 -0.874652 -0.905635 0.05415 -0.645734 0.855732 -0.780951 -0.224008 0.192383 0.276819 0.400679 0.078827 -0.18677 0.644852 0.155357 0.843102 -0.556548 0.578487 -0.251598 -0.236225 
0.615919 0.494554 0.698543 0.428863 0.027984 0.249316 0.005922 0.157625 0.343374 -0.941048 0.511891 0.199413 -0.723666 -0.712117 -0.608204 0.55482 0.688562 0.470623 -0.632764 0.333414 -0.374021 -0.788847 0.776866 -0.795533 -0.041425 -0.459359 -0.601834 -0.424527 
0.894002 0.013829 0.872698 -0.410797 0.28904 0.746828 -0.534304 0.347992 0.258719 0.665109 0.625994 0.546602 -0.943095 0.180814 0.235164 0.527528 0.548865 -0.431421 -0.846493 0.760017 -0.654556 -0.642027 -0.280428 -0.113915 -0.242579 0.295044 -0.798629 -0.348577 
0.212557 0.611578 -0.201043 -0.211522 0.199289 -0.86353 0.803097 -0.135602 0.762796 0.349699 -0.081868 -0.056722 -0.418815 -0.551169 -0.511066 0.153442 -0.395175 -0.74784 0.498886 -0.039689 -0.028268 -0.615028 0.717732 -0.733224 -0.41099 -0.630845 -0.994344 0.801544 
-0.422497 0.617234 0.300981 0.375054 -0.649174 -0.910541 0.919433 0.550115 -0.774071 0.72253 -0.585487 0.988392 0.072229 0.335817 -0.06833 0.657093 0.784648 0.423812 -0.189465 -0.613015 0.675972 -0.690579 0.347296 -0.352297 -0.305607 0.065028 -0.085521 0.280736 
0.434183 -0.079865 0.082279 -0.988314 -0.464451 -0.616739 0.386859 -0.111805 -0.527288 0.306173 -0.565648 -0.301352 0.028147 -0.147177 -0.311023 -0.899067 -0.81136 0.61871 0.758025 0.973287 0.040783 -0.43144 -0.638711 -0.281507 -0.122019 0.707569 0.366197 0.572373 
-0.227403 -0.719324 -0.146891 -0.79322 0.200811 0.935388 -0.781533 0.738179 -0.681351 0.605207 -0.373626 -0.208632 -0.088619 0.064684 0.490017 0.940084 0.917507 -0.822943 -0.958983 -0.893853 0.795766 0.799042 -0.920566 -0.161712 -0.632398 -0.560293 0.556781 0.245583 
-0.852724 -0.077022 -0.182044 -0.080127 0.203654 0.671065 0.125633 -0.595535 0.606453 0.34512 -0.855857 0.925102 -0.049731 -0.230982 -0.283529 0.861709 0.831049 -0.793513 0.800534 0.751209 -0.616456 0.842809 0.857307 -0.82069 0.641851 0.936789 0.017598 -0.990547 
-0.623504 -0.425621 0.255036 -0.476228 0.497357 -0.927008 0.443645 -0.298989 0.744057 -0.429702 0.105475 0.35051 0.915419 0.248119 0.275612 -0.134254 -0.982863 0.992083 -0.272545 0.850839 -0.80143 -0.470752 0.602048 -0.417886 -0.627943 0.459403 -0.238576 -0.986092 
0.396193 0.779022 -0.976639 0.772689 -0.646599 0.278397 -0.703539 0.850757 0.351389 0.740105 -0.447485 0.095446 -0.692857 0.657243 -0.555024 -0.774178 -0.095497 0.721568 0.086875 -0.0775 0.713652 0.819024 -0.226661 0.912222 -0.651729 -0.624614 -0.506123 -0.279671 
0.834789 0.25576 -0.265763 0.230982 0.034781 -0.242402 0.003671 0.388182 -0.964005 0.300131 0.23894 0.387384 0.040237 0.790707 -0.51717 0.35064 0.447951 -0.071214 0.576463 -0.646687 -0.349646 -0.331968 0.275812 -0.635994 -0.512945 -0.950849 -0.723773 -0.164673 
-0.572224 -0.229437 0.555655 -0.740673 -0.973677 -0.710108 0.490343 0.061104 0.047491 -0.506021 -0.550713 0.083486 0.793286 0.688226 -0.528513 -0.165653 0.478933 -0.0463 -0.815013 -0.073116 0.882486 0.76145 0.280306 -0.46716 -0.570518 -0.443991 -0.103154 -0.083463 
-0.39484 0.173073 0.751864 0.029698 0.943636 0.307519 0.289024 0.969959 0.597412 -0.220667 0.031064 -0.355098 0.273313 0.48035 0.728389 0.067423 0.168576 -0.800741 0.901771 -0.35249 0.152959 -0.913242 0.574394 0.035444 0.848208 -0.145409 0.568284 -0.72231 
0.4106 -0.53487 0.198283 -0.98424 0.638203 -0.053909 0.045458 0.58184 -0.74639 -0.665518 0.549634 0.851022 0.114322 -0.417137 -0.504075 -0.612872 -0.936174 -0.775687 0.453503 0.231789 -0.576025 0.356322 0.879299 0.576531 0.44308 0.453692 -0.388025 0.291288 
-0.691717 -0.819741 0.568978 0.718883 -0.35461 -0.236795 0.734643 -0.716407 0.709296 -0.219899 0.865432 0.962907 0.114583 0.417231 0.813929 -0.771602 -0.999906 -0.690147 -0.384474 -0.936694 -0.465834 -0.929922 0.295095 -0.042262 0.4264 0.174394 -0.465731 -0.13052 
-0.371914 0.146244 -0.839232 -0.063631 0.326503 0.729746 -0.344748 0.971893 -0.507049 -0.610105 -0.745093 -0.797753 0.169996 -0.879082 -0.836455 -0.715421 0.538149 0.979083 -0.48647 0.538243 -0.711064 0.128503 0.601549 -0.176898 0.194863 -0.103355 0.780841 -0.375019 
-0.928961 -0.684891 0.494461 -0.300875 0.461353 0.655229 0.635494 -0.212144 0.384975 -0.709254 -0.240251 0.877927 -0.319359 0.015234 -0.919826 0.850637 0.136152 -0.754672 -0.864784 -0.325699 -0.775589 -0.351807 -0.787456 -0.486653 0.776696 0.814093 0.336449 -0.024722 
-0.289263 0.11729 0.600259 -0.218224 0.432399 0.09472 0.480891 -0.106248 -0.250975 0.116395 0.683126 -0.865075 0.410374 -0.558643 -0.987149 -0.912217 0.45315 -0.906975 0.937397 -0.407257 -0.661647 -0.926365 0.264672 -0.437236 -0.278172 0.479588 0.076588 -0.501476 
0.293681 -0.58744 0.473802 -0.995582 0.529849 0.07406 -0.213805 -0.037752 -0.83122 -0.732904 0.856 -0.081271 0.383491 0.537609 0.053654 -0.209368 0.978966 0.066505 -0.121585 0.435557 0.159531 -0.183166 -0.9717 0.497884 -0.109531 0.295345 -0.939352 0.612297 
-0.225067 0.136759 -0.889179 -0.931386 0.549319 0.584623 -0.926764 0.079168 -0.341317 -0.140773 -0.955072 -0.172536 0.126322 0.897416 0.747469 -0.490187 0.435934 -0.200153 0.301613 0.413991 0.866352 -0.821141 -0.150453 0.025883 -0.001616 -0.122152 -0.476233 0.886163 
-0.826808 -0.415585 0.49846 -0.051875 0.721174 0.609281 0.016739 0.270492 0.193904 0.089771 -0.65034 0.852588 0.948997 -0.608924 -0.319949 0.07532 -0.711507 -0.573756 0.585132 0.723517 0.226092 -0.114423 0.137508 0.092444 0.064437 0.987055 -0.881673 -0.93987 
-0.13571 -0.357907 0.946293 0.038096 0.226508 0.444753 0.986221 -0.052318 0.05589 0.00296 -0.781603 -0.752061 -0.90727 -0.432166 -0.898092 -0.958272 -0.039739 -0.219422 0.117047 0.247403 0.206822 -0.29782 -0.029258 -0.567086 0.587757 -0.891572 0.525358 -0.347806 
-0.904516 0.643684 -0.287676 -0.039613 -0.714222 -0.341383 0.998482 0.512286 -0.89663 0.984703 -0.540032 0.157405 -0.012337 -0.321858 0.405344 0.080393 0.245976 0.50587 0.122121 -0.795114 -0.713552 -0.760832 0.452288 0.49327 -0.058652 -0.576791 0.926184 -0.470895 
-0.468363 0.451542 0.178587 -0.37288 0.095226 0.893623 0.587507 0.381003 -0.44776 0.585989 -0.106711 -0.34439 0.570692 0.353257 0.811473 -0.441645 -0.968602 0.218359 0.638748 0.277374 -0.275771 -0.239131 0.48226 0.010678 0.0012 -0.065452 -0.496052 0.941385 
0.357757 -0.569868 -0.52951 0.889394 0.881674 0.651789 -0.483486 -0.0231 0.545412 -0.895979 -0.642097 -0.902348 0.69001 0.251193 -0.246738 0.260702 -0.39555 -0.433723 0.819057 -0.364152 0.784636 0.457805 0.913222 -0.491135 -0.781326 0.395482 0.519543 0.218712 
-0.66997 -0.976509 0.160097 0.687787 -0.546377 0.630587 0.577181 -0.664703 0.282376 -0.906305 0.308776 -0.172212 -0.802285 0.6701 -0.07456 0.887725 -0.078707 0.678701 0.148427 0.525743 -0.755022 -0.032515 -0.838122 -0.970386 -0.57471 -0.925187 -0.462292 -0.356036 
0.470295 -0.941979 0.862676 0.800325 -0.918488 0.022773 0.488112 -0.464865 -0.34664 0.065293 -0.129568 0.935736 0.158988 -0.817372 -0.236476 0.356703 0.852729 0.688964 0.244428 -0.225978 0.367666 -0.607145 -0.700236 0.612644 0.36034 -0.538645 0.642258 0.78563 

-0.819264 -0.993538 -0.707729 -0.679731 0.294899 -0.144596 0.969618 -0.639807 0.725836 0.904139 0.519157 0.908464 -0.332336 -0.124117 0.761193 -0.643372 -0.879689 -0.464785 0.724293 -0.486833 -0.165021 0.336937 0.873507 0.296333 -0.020911 0.659137 0.832501 0.159931 
0.838963 -0.618997 0.718958 -0.05935 0.66445 0.300842 -0.699802 0.568589 -0.179977 -0.791338 -0.763747 0.695906 0.969855 -0.407119 0.816217 -0.494931 -0.682826 -0.670616 0.340048 0.654111 -0.797109 -0.363618 -0.366694 0.862028 -0.531117 0.793237 0.950761 -0.692154 
-0.668236 -0.089117 -0.105344 0.692259 0.786624 0.260849 0.016377 0.994105 0.496367 -0.288984 0.96396 -0.910018 -0.478429 -0.530971 -0.592844 -0.143383 0.809077 -0.938733 0.057833 -0.554541 -0.305427 -0.078463 -0.085659 -0.51219 -0.129564 0.222187 0.679735 0.204061 
-0.409381 -0.929972 -0.07587 0.861307 0.280225 0.855412 0.68208 0.991241 0.819371 0.772062 -0.481526 -0.7116 -0.820782 0.375091 -0.902523 -0.759515 -0.565401 -0.457064 -0.064941 0.356136 0.457277 0.422869 -0.771567 -0.320536 0.102604 0.432494 0.855246 0.693223 
0.925274 0.588494 0.630394 0.470614 0.457378 0.461855 0.306962 0.227614 0.979756 0.593576 0.406832 0.35542 0.691053 0.647318 0.790019 -0.766011 -0.417624 0.146155 0.691266 -0.994755 0.374588 -0.62927 0.107849 -0.192919 -0.774024 -0.198928 0.471445 -0.84875 
-0.429841 0.059939 -0.658361 -0.799447 -0.166588 0.812253 0.686358 -0.711035 0.274108 -0.008466 0.516579 0.254437 -0.414889 -0.076588 -0.390143 -0.723836 -0.429271 -0.600124 -0.489847 0.153106 0.546031 -0.798581 0.158351 -0.079381 -0.427851 -0.7338 0.7277 -0.201875 
0.067273 0.199145 -0.052197 0.637432 -0.739784 0.291013 0.837985 0.092497 0.103266 0.524343 0.381722 -0.622626 -0.484123 -0.101959 0.634561 0.100988 0.820685 -0.758332 0.375566 -0.607818 -0.358456 0.887305 0.545288 -0.812425 -0.911276 -0.296361 0.108194 -0.339128 
-0.030161 -0.164106 0.458997 -0.962888 -0.96496 -0.591629 0.674544 -0.705876 0.699384 0.512528 0.386621 -0.19735 0.036871 -0.231917 0.180024 0.552748 0.666123 -0.188165 -0.346264 0.487575 0.053502 -0.969112 0.879757 0.695047 0.918192 0.425045 0.882622 -0.993084 
-0.87078 -0.009184 -0.332211 0.098522 0.826991 -0.873214 0.135927 0.86175 -0.464341 -0.189823 -0.843959 -0.765459 -0.676302 0.542495 0.037191 0.359577 -0.689422 -0.782785 -0.087675 0.976701 0.02905 0.566061 0.463779 -0.917448 0.596858 0.344034 0.777599 0.515141 
-0.230922 0.66022 0.522057 -0.102238 -0.348964 -0.810154 0.996284 -0.522253 -0.683368 0.131917 -0.660504 -0.148212 0.942095 -0.504629 0.08633 -0.7352 -0.962134 -0.876479 0.624377 -0.651556 -0.659264 -0.463298 -0.674855 0.369786 -0.897237 0.789422 0.452338 0.699712 
0.133456 0.229937 0.214853 0.902534 -0.109843 -0.26309 -0.199704 0.541194 -0.07451 -0.203421 -0.978888 0.243388 0.928497 -0.641563 -0.904601 0.870592 -0.147128 0.181506 -0.864608 -0.108327 0.307142 0.759769 0.240117 0.645764 -0.703529 0.565262 0.013956 -0.600765 
0.354683 -0.532112 -0.901054 -0.511861 0.697824 0.313799 -0.609327 -0.412018 -0.94929 0.190969 -0.870825 -0.022534 0.987548 -0.851885 -0.779146 0.916045 -0.493448 -0.68397 0.786636 0.360359 0.497537 0.922028 -0.747968 -0.197436 0.681797 0.492149 -0.551673 0.978269 
0.057411 0.463877 -0.62411 -0.587906 0.934353 -0.52355 -0.099767 0.629589 0.790249 0.290906 -0.78243 0.840959 -0.516959 -0.653254 -0.181575 -0.530578 -0.505544 0.039279 -0.614533 0.001413 0.35531 -0.827897 -0.641045 -0.147154 -0.908935 -0.386195 0.65541 0.775929 
-0.894046 -0.896262 0.754198 0.163364 0.567615 -0.868299 0.575459 0.499379 -0.391849 -0.524308 0.128968 -0.6016 0.766598 0.346539 -0.760641 -0.751527 0.693284 0.057784 -0.282105 -0.811855 -0.902937 0.103362 0.189558 0.452373 0.275465 0.551331 -0.69478 0.369597 
-0.834173 0.96063 0.143427 -0.728911 -0.935632 -0.100276 0.435612 0.631983 0.030355 0.009912 0.131362 0.639576 0.486876 -0.73967 -0.962024 0.252202 0.606869 -0.722665 0.500674 0.300153 0.332084 -0.781431 0.488299 0.432182 0.321931 -0.322143 -0.115444 -0.402603 
-0.770812 0.189775 0.966994 -0.605677 0.150406 0.11252 -0.334588 0.214773 -0.987756 -0.900134 -0.153244 0.043669 0.109778 0.978118 -0.316755 -0.404618 -0.761552 -0.278779 0.847583 0.845317 -0.001445 0.348258 0.14547 -0.666326 0.566827 -0.366231 0.765857 -0.111242 
0.314662 -0.349588 0.486155 0.540813 0.840188 0.453149 0.934669 -0.009407 -0.434262 -0.399451 -0.795079 -0.422087 -0.297201 0.052122 0.621582 0.810193 0.03052 -0.695173 -0.594222 0.268688 0.027427 -0.746842 0.114005 -0.975397 0.601416 -0.740525 -0.641723 0.168242 
-0.106757 -0.875867 -0.942999 -0.795131 -0.225455 0.543156 0.745682 -0.385267 -0.003695 0.680819 0.605326 0.561974 -0.718632 0.810692 -0.860112 -0.018217 -0.137185 0.76147 -0.208024 0.893055 -0.933704 0.19755 0.161743 0.092344 0.450708 -0.724252 0.116946 0.052124 
-0.464777 0.475223 -0.779634 0.428466 0.599356 -0.722633 0.633335 -0.626099 0.820523 0.379017 -0.010417 -0.183172 0.059836 -0.40604 -0.620492 0.341204 -0.595347 -0.48131 -0.678462 0.267468 -0.71984 0.114963 0.160523 -0.653544 -0.687487 -0.677734 0.4388 0.763222 
-0.401986 -0.444254 -0.184654 0.133236 -0.969031 0.035712 -0.438298 0.630325 0.313079 -0.804963 -0.995774 0.133602 0.574054 -0.00714 0.95043 -0.36611 0.586821 -0.670767 0.975094 0.991473 -0.152077 -0.701919 0.258941 0.128083 0.413044 -0.580536 0.474539 0.725557 
-0.261664 -0.086661 0.488779 0.339743 0.469085 -0.695875 -0.528901 0.500054 0.340089 0.034681 0.127963 -0.347084 0.229718 0.134605 0.786518 -0.196228 -0.872535 0.736948 0.43366 0.714286 -0.933819 0.412756 0.705759 -0.085895 0.710838 -0.035299 -0.955219 0.123882 
0.384164 0.516728 -0.150561 -0.874106 -0.569933 -0.661782 0.465637 0.899152 -0.357657 0.938616 0.399206 0.98218 -0.026703 -0.470415 -0.364905 -0.796985 0.66419 -0.578387 0.006787 0.791655 -0.841439 -0.555551 0.505941 -0.775258 0.857206 0.211701 0.138847 0.568044 
-0.823599 0.181035 -0.308075 0.560566 -0.298614 0.541365 0.686459 0.12783 0.879583 0.152096 0.023582 -0.478074 0.090711 -0.573812 -0.495895 -0.935992 -0.044227 0.139201 -0.732977 -0.380037 0.560814 0.27381 -0.588382 0.719375 0.71826 0.91756 0.944117 0.575466 
0.129261 0.082964 0.143509 0.305662 -0.736 0.835434 -0.133772 -0.038238 0.376799 -0.447313 -0.910408 0.256382 0.704783 0.116574 0.778308 -0.204506 0.542762 -0.717587 -0.140497 -0.501465 0.421614 0.126526 0.118498 -0.017572 -0.599664 0.530116 -0.298198 -0.881405 
0.447676 -0.354081 0.694061 -0.423063 0.728884 -0.16243 0.882599 0.992883 -0.326995 -0.251174 -0.045739 -0.950196 0.300697 0.044237 0.306185 0.006296 -0.839189 0.084493 0.801791 0.703573 0.366906 -0.338707 -0.795431 -0.21148 0.787819 0.320605 0.770948 -0.811845 
-0.149279 -0.52725 -0.69325 -0.701603 0.118669 -0.999189 -0.124666 -0.152447 -0.161619 -0.242068 -0.159564 0.511386 0.506758 0.795082 0.56119 -0.191728 -0.160681 -0.132625 0.814568 0.00013 0.951868 0.616358 -0.296297 0.318774 -0.722349 -0.09419 -0.892705 -0.93453 
-0.773585 0.878242 -0.746375 0.077136 -0.646685 -0.439625 0.375533 0.469662 -0.438814 -0.749134 -0.682785 0.399568 0.008799 0.157651 -0.089047 -0.484443 -0.047267 -0.527857 0.323828 0.792052 0.339518 0.138396 -0.207818 0.291386 -0.245246 0.495884 -0.38984 0.032406 
-0.598306 -0.282545 0.097876 -0.371891 -0.404303 0.351501 0.705244 -0.053311 0.911876 0.080777 -0.583649 -0.526938 0.331644 -0.266434 0.87263 -0.659558 0.891216 -0.216417 -0.144001 -0.156051 0.255726 -0.820173 -0.363999 -0.404756 0.318223 0.428182 0.88663 -0.927022 

-0.50321 0.325761 -0.79674 0.809942 0.659114 -0.243369 0.467208 -0.260109 0.172982 0.939698 -0.927362 0.906548 0.812328 -0.588023 0.797764 -0.404089 0.267976 -0.358287 0.851637 0.447803 0.277714 -0.553119 -0.233973 -0.294103 -0.666489 -0.160996 0.629964 -0.169699 
-0.044276 -0.852352 0.854488 -0.431292 0.169044 0.308599 0.784101 0.108743 0.380134 0.690649 -0.078929 0.792111 0.488414 0.516982 0.060087 -0.869873 0.368619 -0.49211 0.407841 0.8155 0.273917 -0.886262 -0.850989 -0.887078 0.743702 -0.020688 -0.94269 -0.300574 
-0.795043 -0.121655 -0.824351 0.076409 0.273566 -0.814848 -0.136214 -0.035785 0.106779 -0.34143 -0.547616 -0.376795 0.718657 -0.417245 0.991824 -0.773453 0.990597 0.807324 0.500465 -0.895665 0.956335 0.613386 0.848036 -0.064354 0.668525 -0.452538 0.959504 0.875653 
-0.162151 -0.665791 -0.140573 0.600879 -0.313006 -0.434906 -0.849198 0.345565 0.017722 -0.225993 0.064222 0.600478 -0.234169 0.290769 0.591075 -0.426845 -0.208766 0.69541 -0.470511 -0.59538 0.543446 0.465136 -0.924684 -0.909092 0.42464 0.950968 -0.75261 -0.737511 
-0.418401 -0.406587 -0.809318 0.089128 0.787164 -0.565308 0.772081 -0.437198 0.498914 0.373976 0.331413 -0.210317 -0.035898 0.901787 0.580917 -0.33954 -0.568724 0.985537 -0.799878 0.896412 -0.939148 -0.705186 0.321051 -0.988179 -0.457796 0.58354 0.745807 0.123803 
-0.826657 -0.66078 0.525937 -0.635976 0.977213 -0.384936 0.1198 0.766008 0.049757 -0.106702 -0.67119 -0.451329 -0.732726 0.657442 0.338354 0.232325 0.559229 -0.080729 0.892786 0.990505 -0.095192 -0.903308 0.886917 -0.03434 -0.608494 0.207969 -0.022519 -0.066289 
-0.208491 -0.276713 -0.942486 -0.035148 0.060954 0.583451 0.328876 0.039721 -0.801485 -0.551324 -0.19488 0.248272 0.341975 0.134538 0.799883 0.609249 -0.20802 0.135297 -0.158426 -0.648791 -0.946443 -0.26564 -0.658286 -0.040625 -0.168948 -0.771369 0.925035 0.222559 
0.4366 -0.097484 -0.843731 -0.771891 0.625803 -0.786217 0.192961 -0.311689 0.797234 -0.478163 0.728032 0.995749 -0.029487 -0.46624 0.244021 -0.687512 0.668298 0.040964 0.921737 -0.539722 -0.82374 -0.236689 -0.188512 -0.769172 0.497672 0.153202 0.190203 -0.671276 
0.380211 0.115238 0.550482 -0.181566 -0.982246 0.707552 0.046543 0.643557 0.923444 -0.760497 -0.666624 0.71857 -0.240259 -0.9401 0.714319 0.731853 -0.407611 -0.04166 -0.956326 -0.738041 0.999303 0.966078 -0.277763 -0.824436 -0.270611 0.533725 -0.596801 -0.772939 
-0.313073 0.596595 -0.444215 -0.931239 -0.288167 -0.892933 -0.112806 -0.270413 0.814619 0.933737 -0.626856 0.735955 -0.82676 -0.294987 0.454524 -0.06542 -0.235087 0.168843 -0.333567 0.358574 -0.872818 -0.289226 0.620533 -0.873514 -0.323148 -0.65723 -0.69795 0.406241 
0.876495 -0.291559 0.633302 -0.436578 -0.694964 -0.810913 -0.367817 0.016868 -0.70675 0.519377 0.746455 -0.889227 0.453114 -0.8804 0.846728 0.626354 -0.175387 0.301252 -0.440137 0.589526 -0.529905 0.227367 -0.053501 -0.402723 0.938141 -0.431368 -0.276237 -0.385007 
-0.088598 0.025812 -0.978766 -0.212103 0.734253 0.654536 0.351319 -0.960711 0.843623 0.983501 0.056157 -0.860223 0.502878 -0.197387 -0.74945 -0.044008 -0.077788 -0.902722 -0.417655 0.746825 0.39853 0.143279 0.336351 0.868624 -0.629354 -0.71555 -0.534099 -0.691213 
-0.146918 0.189664 -0.07622 0.764484 -0.784523 -0.054986 -0.447619 0.94973 -0.400684 0.9037 0.989019 -0.556826 0.885867 0.045177 -0.417049 0.390079 0.848886 -0.166499 -0.652753 -0.229998 -0.069221 -0.071584 -0.483174 -0.670692 -0.928305 0.853177 -0.80085 -0.557659 
-0.862373 -0.336166 -0.248872 -0.009291 0.853498 0.674908 -0.244807 -0.931025 -0.380078 0.307574 -0.981295 0.219472 0.211274 -0.992276 0.662646 0.098475 0.052901 -0.754404 -0.511446 -0.09931 0.079097 -0.165374 0.670691 -0.990124 0.763042 -0.812482 -0.660816 0.834737 
-0.959077 -0.462883 -0.724349 -0.821678 0.200951 0.028207 0.169168 0.054449 -0.297738 0.924224 0.123424 0.323036 0.231988 0.142129 -0.457492 -0.556927 0.149852 -0.794846 0.541548 -0.797247 -0.548212 -0.969898 0.103443 0.529848 -0.135272 -0.225866 0.539724 -0.37223 
-0.038348 0.878908 -0.537493 0.002347 -0.583975 -0.260415 0.180669 0.616976 0.767792 -0.6503 -0.328575 -0.529094 -0.726076 0.794848 0.793943 0.505723 -0.063023 -0.663549 0.948795 -0.913171 -0.458395 0.490343 -0.710418 -0.007644 0.520445 0.393025 -0.477797 -0.614827 
-0.832841 -0.938073 0.014474 0.128812 0.940835 0.475449 -0.870683 -0.643141 -0.784966 0.311827 0.973835 0.982826 0.661529 -0.35474 -0.546267 0.935452 -0.561572 -0.752325 0.441175 0.377085 -0.415874 0.38997 0.463914 0.125731 -0.119687 0.753496 -0.881913 -0.599242 
0.146521 -0.35971 -0.214069 0.313681 -0.297783 0.798873 -0.557508 -0.356948 0.274322 -0.426349 -8.9e-05 0.489357 0.885478 -0.026253 0.472183 0.547006 0.619006 0.925916 0.482458 -0.940886 -0.826409 -0.076368 0.436199 -0.242283 -0.686397 -0.099887 0.883448 0.193916 
-0.346391 -0.998465 0.594674 0.80013 -0.358174 -0.619395 0.113745 0.344043 -0.820522 0.556303 0.988032 0.453801 -0.867973 -0.012994 -0.055126 -0.984568 0.960753 -0.58466 0.562438 0.579759 -0.658744 0.044896 0.638873 -0.485153 0.968528 0.075072 0.273635 -0.717869 
0.975184 0.156012 0.476047 -0.371207 0.157548 0.070721 -0.571077 0.799374 0.451326 0.542734 0.143416 0.630804 0.099037 0.130511 0.084605 0.228991 -0.882483 -0.972238 0.244423 -0.92173 -0.556898 -0.193139 0.658029 -0.215642 0.851757 0.296902 0.299205 0.820285 
-0.630996 -0.428231 -0.897585 -0.652842 0.727782 0.578462 -0.023854 -0.11467 -0.351575 0.404875 -0.314828 -0.899491 -0.052391 0.82812 0.731313 -0.953354 -0.040122 -0.184082 0.275637 0.076148 -0.15632 -0.47994 0.154418 0.286783 0.326922 -0.187553 -0.92682 0.178678 
-0.890651 0.370347 -0.001037 -0.518677 0.942116 0.101378 -0.171519 0.669898 -0.32016 0.804433 -0.444773 0.329023 0.209308 0.239931 0.429532 -0.843083 0.06805 0.160845 -0.796437 -0.973319 0.976763 0.479201 0.102829 -0.179556 0.999261 -0.742752 -0.892773 0.326183 
0.069695 -0.821632 -0.495139 0.179044 0.548714 0.503824 0.659997 0.49083 -0.396564 -0.511151 0.160728 0.285042 -0.706718 0.715955 -0.385935 0.50259 -0.043802 -0.956403 0.659507 -0.976064 0.204442 0.86307 -0.949382 0.181205 0.342271 0.153447 -0.998352 0.341532 
0.410695 -0.891125 -0.332286 -0.51961 -0.712757 0.172575 0.659434 0.835957 -0.323601 0.319802 0.326787 0.2816 0.808651 -0.512485 -0.433358 -0.898067 -0.796529 0.180707 0.604524 0.159357 0.224304 0.264031 0.183293 -0.571254 0.127101 0.233911 0.60995 -0.530628 
-0.612642 0.611599 0.812939 0.798053 0.720474 -0.521382 -0.721319 -0.992283 0.651193 0.937877 0.843674 -0.672408 0.257679 0.170461 0.609192 0.06633 0.657976 -0.824166 0.168264 0.861447 0.356542 -0.227212 0.018571 -0.419154 -0.964504 -0.795903 0.009592 0.163919 
0.438007 -0.380458 0.633291 0.825365 -0.768859 0.444195 0.623418 0.951615 0.922812 0.90186 0.959332 0.574005 0.839737 0.803005 0.901597 0.097416 -0.026534 0.510789 -0.836253 -0.368558 0.686623 0.332011 -0.507111 0.043165 -0.895202 0.513693 0.624011 -0.858383 
0.717789 -0.366397 0.305536 0.155797 0.253145 -0.061173 -0.018838 0.484286 -0.616979 -0.395421 0.432505 -0.694166 -0.49356 0.395233 0.879839 -0.653823 0.200384 0.781436 0.443594 -0.828296 0.292225 0.607341 -0.196853 -0.021152 -0.060649 0.296036 -0.977986 0.04415 
-0.190272 0.646025 0.185767 -0.472482 -0.720372 -0.508697 0.683314 0.532773 0.430129 -0.335524 0.01706 0.813151 0.269056 -0.547039 -0.881015 0.775495 0.848194 0.998824 -0.878328 0.046432 0.78026 0.565266 0.218137 0.072485 0.172607 -0.978717 -0.948666 -0.888042 

-0.926652 -0.872953 -0.658125 0.999001 -0.662121 0.531774 -0.736138 0.002355 -0.451513 -0.923543 -0.728484 0.001796 -0.804558 -0.953094 -0.147684 -0.805734 -0.831421 0.896422 0.974526 0.733845 0.114559 0.047012 -0.093549 0.135842 0.098345 0.01841 -0.546839 0.171693 
-0.419792 -0.483608 -0.109934 0.572652 0.612876 -0.424992 -0.029325 0.689334 -0.153581 0.97247 0.884776 -0.106675 -0.17754 -0.920958 0.061904 -0.281118 -0.946432 -0.204252 0.833441 0.10058 0.7022 -0.030717 -0.801074 -0.279391 0.422443 0.370619 -0.104873 -0.997349 
0.411519 0.151751 -0.189923 -0.626035 -0.455734 -0.936701 -0.768831 -0.483263 0.949724 0.124828 0.339197 -0.972883 -0.811076 -0.941921 -0.919315 -0.01752 0.89152 0.181266 -0.31532 -0.139197 0.380191 0.405289 -0.720122 -0.24919 -0.699584 -0.714102 0.012494 0.711936 
-0.835755 -0.666601 -0.15301 -0.717898 0.949987 -0.201161 -0.141636 0.074815 -0.861964 -0.114519 0.261546 -0.803885 -0.033834 -0.755974 -0.912365 -0.852568 -0.071294 -0.051563 0.527623 -0.666004 0.231683 -0.721567 -0.365588 0.517581 0.290927 -0.653652 0.040903 0.455172 
0.374302 0.666363 0.475111 0.042772 0.435461 -0.882414 -0.589279 -0.679503 0.374543 -0.3919 0.28693 0.623159 -0.307201 0.434095 -0.446587 0.644173 -0.038282 -0.114139 -0.124144 0.240151 0.519575 -0.606563 -0.468922 0.866622 0.43434 0.98625 -0.312587 -0.191358 
0.179258 -0.647641 0.901427 -0.345632 -0.070989 -0.055801 -0.071682 -0.635973 0.061785 0.340304 -0.315476 -0.559083 0.948404 0.971187 -0.935924 -0.355861 0.405282 -0.384058 -0.711688 -0.633001 0.501803 0.164168 0.60715 0.022077 0.557606 -0.861772 -0.111301 -0.008054 
-0.875523 0.574695 0.800588 0.303735 0.927053 0.702015 0.959073 -0.143936 -0.355004 -0.113578 0.221459 0.707998 -0.773275 0.904615 -0.845814 -0.82487 0.8748 -0.787008 -0.176521 0.281083 -0.171066 0.107581 0.647883 -0.669263 -0.72825 0.255233 0.352814 0.829355 
0.39346 -0.758487 -0.178699 0.517937 0.816208 -0.378111 -0.178328 0.743261 -0.676096 -0.220224 -0.400675 -0.029883 0.666198 0.819416 -0.321885 0.892923 0.724031 -0.172969 -0.931947 0.599833 0.040023 -0.112678 -0.119083 0.868957 0.994903 -0.471001 -0.800306 -0.733347 
0.784232 0.552508 -0.904281 0.177692 0.795556 -0.082691 -0.304371 0.610229 0.539198 0.517302 0.353211 0.863102 -0.702923 0.952815 -0.169235 0.963275 0.772232 0.511334 0.856198 0.496263 -0.661635 0.92425 0.096096 0.378388 -0.188428 0.977013 0.247345 -0.193525 
-0.493988 0.447039 0.073128 -0.709756 -0.000453 0.169136 0.467936 -0.206432 -0.913555 -0.836435 -0.596203 0.625643 0.680867 0.757287 0.488745 0.977944 0.710102 -0.678037 0.941219 0.482334 0.833297 0.797417 -0.021403 -0.828338 0.721668 -0.925307 0.55005 -0.46676 
-0.948294 -0.202605 0.339715 -0.442282 -0.755826 -0.587158 -0.152224 0.243981 0.584833 -0.684101 -0.962451 0.668423 -0.522103 -0.558654 0.292555 -0.839669 -0.800525 -0.217189 -0.857789 0.908735 0.105977 -0.920505 0.391069 -0.061929 0.876912 -0.630334 0.109733 0.59858 
-0.555641 -0.340217 -0.86818 -0.503934 0.457178 0.471534 0.053784 0.701612 0.884377 0.901747 -0.054407 0.466355 -0.782355 -0.016859 0.134778 -0.30289 0.424487 -0.571156 -0.142559 0.62312 0.211655 -0.004284 0.531855 -0.683572 0.075211 -0.077075 0.254499 -0.047876 
0.290883 -0.635768 -0.449296 0.73695 0.024015 -0.317477 -0.765055 -0.518807 -0.846353 0.2868 -0.815478 -0.961565 0.189733 0.128398 0.50479 0.406192 -0.890054 -0.360432 -0.896698 0.536027 0.068412 -0.039258 0.159147 -0.719933 0.956459 -0.308998 -0.399782 0.03167 
0.613926 0.850994 0.983794 -0.093483 -0.784774 -0.465503 -0.356532 0.239241 0.217021 -0.123516 0.720435 0.371078 -0.836717 0.90324 0.409513 0.35183 0.031638 -0.085697 -0.241978 0.143178 0.553871 -0.138676 -0.320796 -0.377717 0.822066 0.838351 -0.097651 0.778525 
-0.470647 0.498845 -0.187145 -0.856721 0.348236 -0.206011 0.049797 0.565065 0.328486 0.693264 -0.195693 -0.454493 -0.428902 -0.475259 0.916959 -0.266969 -0.57141 0.326099 -0.911656 0.45962 -0.759405 -0.157117 -0.397203 0.794272 0.704207 0.282002 -0.583445 0.526273 
0.120353 0.318905 0.304798 0.649706 -0.182251 -0.885006 0.792985 -0.832412 -0.091017 -0.157218 0.732653 -0.762531 -0.463954 -0.46304 -0.217024 0.105794 0.061701 -0.300438 0.838825 0.489683 -0.974339 0.923686 -0.050697 -0.733937 -0.23343 0.5521 -0.939665 -0.529223 
-0.165898 -0.52311 0.99705 0.954455 0.795794 0.301849 0.604591 -0.386456 0.416842 0.397146 -0.219708 -0.674175 -0.757018 -0.486215 -0.438223 -0.224026 0.050745 0.34627 0.882213 -0.887554 -0.954168 0.720592 0.602017 -0.928507 0.644279 -0.448568 -0.662445 -0.589151 
-0.896468 -0.60211 -0.118374 -0.062366 -0.12522 -0.121324 -0.107911 -0.329425 -0.819476 -0.50375 0.284118 0.597367 0.893396 -0.93475 0.923191 -0.866677 -0.420965 -0.513515 -0.090703 0.62978 0.832755 -0.208935 0.742227 0.878587 -0.488343 0.344356 0.95008 -0.844064 
0.895788 -0.712365 -0.433216 0.99932 -0.315599 0.44841 -0.064499 0.560306 -0.673084 0.829044 -0.771826 -0.49239 -0.674706 0.514999 -0.895007 -0.781311 0.581394 -0.971832 -0.647987 -0.840716 -0.485347 0.26131 0.789064 -0.652592 -0.943046 0.531291 -0.777468 -0.435969 
-0.124353 -0.823925 -0.280033 -0.228565 -0.536289 0.286752 -0.229245 0.149236 -0.264838 0.70771 -0.290458 0.062248 0.536754 -0.059577 0.569858 0.862047 -0.544578 0.674835 -0.919263 -0.964329 0.703003 -0.567251 -0.805045 -0.782344 0.694059 0.984019 -0.434935 0.746434 
0.514745 -0.20894 -0.689535 -0.609044 -0.035638 0.030432 0.158592 0.430846 -0.686632 0.933146 -0.419917 0.052346 0.640856 0.289625 -0.883579 0.17761 -0.765081 0.684451 0.038265 -0.31453 0.358088 0.120393 -0.278859 0.062289 0.553143 -0.083904 0.279945 0.247202 
-0.099885 0.84501 -0.006364 -0.584575 -0.36393 0.304101 -0.193619 0.603205 -0.665466 0.968772 0.034051 -0.348282 0.901918 0.614134 0.704064 0.542774 -0.096241 0.818657 -0.279616 0.133807 0.503108 0.760041 0.819276 -0.137606 -0.119566 -0.459583 0.924683 -0.566423 
0.456513 0.204629 0.681784 -0.643372 0.049638 -0.325585 -0.227948 0.685708 0.978517 0.578434 0.288914 -0.68695 0.547206 -0.677035 -0.035232 0.449124 0.938806 -0.331168 -0.008101 -0.159142 -0.512511 0.712283 0.974664 0.990597 0.472323 0.79394 -0.14572 -0.647242 
-0.665643 -0.222325 -0.213665 0.79087 0.982304 -0.532886 -0.852502 0.031942 0.14153 -0.08045 -0.28235 0.120047 -0.502016 -0.993436 0.433097 -0.95481 -0.670471 -0.602135 0.494314 -0.733372 0.066697 -0.513788 0.107485 0.554186 -0.801505 0.082149 0.544783 0.670818 
-0.12391 -0.602225 -0.976424 0.210447 0.17545 -0.190089 0.001317 0.157754 0.277026 0.148815 -0.812006 -0.581444 -0.931634 -0.092654 0.538602 -0.43365 -0.08609 -0.028301 -0.388461 0.243439 0.369564 -0.894147 0.510066 -0.563739 -0.407935 -0.382448 0.990447 -0.20944 
0.699701 0.53523 -0.538621 -0.42421 0.933005 -0.515045 0.786237 0.108455 0.294866 -0.212445 -0.733791 -0.428108 0.93637 -0.544096 -0.009552 -0.995265 0.36325 -0.47095 -0.428915 -0.72284 0.500749 0.182624 0.520599 -0.129687 0.288477 0.030665 0.306574 0.880543 
0.648217 0.297021 -0.328897 0.347918 -0.167749 0.132482 0.923708 -0.234744 0.617437 0.709946 0.873712 -0.087697 -0.500541 -0.86008 0.484107 -0.56613 -0.404175 -0.525357 -0.561394 0.959075 0.003692 0.009691 -0.765302 -0.495559 -0.807685 0.756834 0.369153 0.480792 
-0.2125 -0.318671 0.361335 -0.564283 0.97835 -0.967562 0.783635 -0.189399 0.16492 0.707343 0.575857 -0.217644 0.417289 0.449569 0.694659 0.914789 0.589489 0.178854 -0.651341 -0.814686 0.653497 -0.212735 -0.855611 -0.342811 0.796955 -0.619376 0.16163 0.98927 

-0.46345 -0.075043 -0.168603 0.196063 0.141724 -0.993336 -0.969954 -0.148349 0.582522 -0.188889 -0.730305 0.032091 -0.49423 -0.816271 -0.37842 0.684624 -0.467612 -0.193106 0.338121 0.319653 -0.048717 0.99531 0.116608 0.331907 0.15694 0.105878 0.469364 0.693325 
-0.605678 0.407338 -0.892898 -0.100696 -0.700073 0.750956 0.696289 0.111038 -0.980104 -0.27162 0.616808 -0.796375 0.34996 0.301432 -0.263987 -0.843146 -0.360448 -0.944335 0.108137 -0.365138 0.172273 -0.559957 0.791802 -0.721849 0.909408 0.485127 -0.145909 -0.69627 
-0.738048 -0.496732 -0.04197 -0.167471 -0.686676 0.943567 -0.273049 0.041703 0.561848 -0.067493 -0.608337 -0.138194 0.66852 -0.451483 0.501359 0.724185 0.656654 -0.863779 -0.103542 -0.903303 0.928023 0.174609 -0.993895 0.413151 -0.971642 -0.690165 0.809317 -0.70987 
-0.687415 0.32659 0.65526 0.242944 -0.235542 -0.715353 0.159202 0.696964 -0.32369 -0.978992 0.365484 0.224826 0.522367 0.089669 -0.11852 0.658588 0.986127 -0.021823 0.586611 0.160737 -0.015717 -0.000239 0.189437 0.294118 -0.190922 0.479567 0.662678 0.121663 
-0.010732 0.957559 0.294227 0.789302 -0.281854 0.486267 -0.744898 -0.263404 -0.147665 0.480009 -0.741038 0.941419 -0.638511 0.91755 0.927547 0.339667 0.504161 0.088283 -0.67605 -0.496078 -0.72228 0.618067 0.313 0.757288 0.280745 -0.565337 -0.940413 -0.729987 
-0.514054 -0.982854 0.294858 0.780172 0.573532 0.08416 0.359045 -0.71088 -0.429574 0.614228 0.025716 0.422177 0.094237 0.284679 0.363596 0.455727 0.202229 0.291143 -0.204606 -0.293611 -0.620574 0.119343 0.210311 -0.342854 -0.26259 -0.476689 -0.585566 -0.981845 
-0.042026 -0.525979 -0.711832 0.44392 -0.503996 0.583026 0.223679 -0.935301 -0.336189 -0.416863 -0.64502 0.237612 -0.802635 0.379536 -0.340363 0.291603 -0.330481 -0.976615 -0.252671 0.866443 0.314528 0.542723 -0.427168 0.693954 -0.337934 0.783143 -0.6489 0.399476 
-0.693546 -0.234466 0.417631 0.264428 0.239555 0.7058 -0.291652 0.730722 0.288826 0.93244 0.795421 0.956012 -0.484423 -0.850759 0.193624 -0.287057 0.528776 0.853413 -0.995455 -0.807009 0.876798 -0.248125 -0.940567 0.191326 -0.705402 -0.367734 -0.11472 -0.043336 
-0.583429 0.23638 -0.642028 -0.278137 -0.998087 0.773771 0.986292 0.241468 0.479571 -0.30536 -0.026917 -0.231603 -0.370335 -0.232389 -0.274073 0.142657 -0.083149 0.918033 0.855599 -0.554373 0.771446 0.860145 -0.361382 0.648245 -0.391517 -0.301948 -0.160011 -0.093383 
0.330317 0.724851 0.863281 0.745726 -0.03877 -0.780579 -0.532411 -0.036856 0.993192 -0.546119 -0.795388 0.472763 0.148521 0.176801 -0.75884 0.7756 0.944412 -0.03443 -0.081743 -0.138737 -0.116397 -0.226144 0.306891 -0.34495 -0.365999 0.945509 -0.696706 0.24602 
-0.35644 0.142865 -0.847363 0.973877 -0.132284 -0.984082 0.719603 0.828946 -0.764661 -0.812807 -0.206812 -0.77147 -0.35688 -0.003298 0.701294 0.789595 -0.826497 0.942454 0.565195 -0.882085 -0.091976 -0.516548 -0.020822 0.791627 0.260911 -0.713931 -0.553324 0.891309 
-0.768423 -0.250029 0.137329 -0.124862 0.892836 0.289966 -0.150985 -0.239448 0.305884 -0.431382 -0.410502 0.541223 -0.244189 0.381588 0.769753 0.396885 -0.62171 0.471047 0.186479 -0.448206 0.413501 -0.248326 -0.330291 -0.678475 0.235126 0.648887 -0.886848 -0.507566 
0.934956 -0.440172 -0.617863 -0.833466 0.309715 0.521072 0.041671 0.202635 -0.188995 0.890686 0.963187 -0.883078 -0.541193 -0.447315 0.658145 0.215115 0.93437 0.427898 -0.388001 -0.687436 -0.101055 0.798478 -0.134534 -0.687554 -0.449847 0.534066 -0.36603 0.785278 
0.182953 -0.252878 -0.722288 0.11791 0.30695 -0.338545 0.284443 -0.383251 -0.817473 -0.673885 0.819384 -0.006435 -0.783199 0.782571 0.110487 -0.323895 -0.664744 -0.231368 0.891219 -0.730471 -0.80347 -0.496782 -0.417907 0.095475 -0.698303 0.44645 0.40792 -0.148151 
-0.019855 -0.958109 -0.362384 -0.836531 -0.209957 -0.08516 0.279511 -0.904037 0.577592 -0.434178 -0.287288 0.758822 -0.108063 -0.467904 -0.247613 0.108737 -0.685334 0.862874 0.784842 -0.350078 -0.365522 0.676061 -0.079926 -0.171965 -0.820721 0.501544 0.92351 -0.519024 
-0.052006 0.33143 0.332825 0.928509 0.373321 0.969953 -0.908022 -0.837666 -0.115207 0.373357 -0.741703 -0.538912 0.939179 -0.028991 -0.78009 -0.168884 0.503105 -0.027703 0.939853 0.817772 -0.16483 0.724695 -0.532306 0.466676 0.400755 0.387145 -0.705289 0.580034 
-0.105808 -0.781779 -0.93899 0.836682 0.549652 0.393835 0.767364 -0.077027 0.364159 0.85717 0.08495 -0.75142 0.230772 0.343604 -0.290332 0.169706 -0.685386 -0.070422 -0.997443 0.817719 0.901875 0.940674 0.635491 -0.262955 0.665369 -0.896815 -0.796279 0.066124 
0.49033 -0.501568 -0.353842 -0.620982 -0.283346 -0.292831 -0.784299 -0.733695 -0.898996 0.980892 0.189278 0.464791 0.838062 -0.725415 0.713372 0.068589 0.618189 -0.57696 -0.761706 0.932803 0.352618 -0.760885 0.750523 0.254493 -0.82021 0.386014 0.991539 0.845158 
0.489198 -0.80474 -0.08977 -0.020472 -0.305681 0.557441 0.358539 0.410345 -0.735288 0.574247 0.676254 -0.634387 0.555139 -0.134072 0.830405 0.393201 0.139592 0.543776 -0.53821 -0.241297 0.966817 -0.299916 -0.309057 0.319435 -0.058796 -0.557971 -0.426072 0.118989 
0.828043 -0.434533 -0.035853 0.317241 -0.239273 0.875429 -0.703231 0.454418 0.43287 0.655315 -0.135236 0.697479 0.229562 -0.458586 -0.936908 -0.215299 0.407343 0.893496 -0.822098 -0.452144 0.437273 -0.360308 0.306559 0.40409 0.339776 0.998066 -0.276475 -0.721025 
-0.559905 0.297453 0.397964 -0.731863 0.86292 -0.637889 0.585378 -0.376354 -0.76246 0.882147 -0.918702 0.67041 0.537462 -0.057171 0.367889 -0.232975 0.484243 0.430981 0.551726 -0.108414 0.324477 0.729628 0.440286 -0.23825 -0.627437 -0.253998 -0.83416 0.709096 
-0.255932 -0.110636 0.988071 0.184163 -0.813183 0.386035 0.4523 -0.950263 0.748146 0.037678 -0.326616 0.985686 -0.080174 -0.248551 0.656096 -0.542712 0.694277 0.023985 0.224312 0.178521 -0.545035 -0.223962 -0.929893 0.779442 -0.494334 0.509549 -0.458807 -0.125014 
-0.744448 -0.292968 -0.417748 -0.00038 0.596397 -0.427847 -0.816218 0.783214 0.958188 0.636082 0.832951 0.706334 -0.325452 -0.493665 0.69202 0.593586 0.260221 0.348116 -0.949126 -0.047939 -0.627899 0.275187 -0.869419 -0.172934 -0.9513 -0.799312 -0.393492 -0.443109 
0.710238 0.147701 0.431878 0.965789 0.854733 -0.98404 -0.034591 0.45113 -0.411887 0.149191 0.234344 -0.453699 -0.214727 0.067295 -0.747364 0.459034 0.57363 0.944656 0.052621 -0.168587 0.292772 0.103495 0.783474 0.664873 -0.621319 0.914055 -0.508061 -0.570094 
-0.885257 0.098447 -0.013202 0.824981 -0.753852 -0.581324 0.79077 -0.899119 -0.567482 -0.243821 0.552011 0.022749 0.90537 -0.213645 0.569051 -0.309357 0.85365 0.821687 -0.850322 0.42728 0.766342 0.202298 -0.741738 0.059114 -0.696074 -0.957833 -0.276013 -0.315526 
0.956222 0.215925 0.11438 -0.929034 -0.685628 -0.898822 0.895946 -0.43948 -0.480146 0.686717 -0.338598 -0.04551 -0.557105 -0.786587 0.977239 -0.651735 -0.000232 0.54629 0.038909 -0.146582 0.367977 0.188586 -0.719302 0.134319 -0.609116 -0.460609 -0.806567 -0.303323 
-0.418442 -0.08258 0.381151 -0.46222 -0.866019 -0.504469 -0.391254 -0.552282 -0.40329 -0.495308 0.008238 0.116564 -0.808591 0.66964 -0.928946 -0.365696 0.882518 -0.951707 -0.01743 -0.117179 0.594584 -0.978522 0.736239 -0.037439 0.210064 -0.983063 -0.904078 0.600949 
-0.443671 -0.709687 -0.702374 0.137887 0.207733 0.678776 0.675667 0.341079 -0.825692 -0.715587 0.788797 -0.228983 -0.210895 -0.202965 0.887581 -0.019486 -0.533325 0.958634 0.614818 -0.650272 -0.993072 -0.402612 0.23255 0.601511 -0.381134 -0.031211 -0.435928 0.828931 

-0.339049 0.542055 0.727505 -0.841002 -0.644392 0.500077 0.584944 -0.359979 0.288874 -0.648393 0.428954 -0.914091 -0.760813 -0.59036 -0.447415 -0.802178 -0.977972 -0.097687 -0.79525 -0.378153 -0.865137 0.806261 0.240713 0.103652 -0.629668 0.069644 -0.907447 0.031284 
0.631433 -0.772971 -0.858453 -0.333017 0.2139 0.307004 -0.069502 0.565506 -0.26387 0.016408 0.804694 0.145771 0.568992 -0.997484 0.170229 -0.528694 -0.792735 0.792076 -0.393831 -0.986474 0.032789 0.709821 -0.616142 -0.897566 0.799199 0.415142 -0.398043 0.430632 
-0.171014 0.539237 -0.591011 0.676196 -0.888641 0.241703 -0.548552 0.127767 0.045568 0.597894 -0.303241 0.048912 -0.236092 0.168065 0.256177 -0.439801 0.774233 0.269703 0.592988 0.484054 0.653014 0.695422 0.28455 0.068703 -0.702621 -0.286115 -0.533606 0.126366 
-0.994369 -0.13512 0.264858 0.297851 0.032996 -0.574382 0.552957 -0.36911 0.122377 -0.398131 0.399013 -0.709558 0.858046 0.959212 -0.935325 0.127749 0.552201 0.548729 -0.218689 0.247623 -0.168018 0.850014 0.545002 0.545867 -0.683592 -0.328633 -0.998242 -0.677961 
-0.133362 0.524888 -0.193618 -0.519493 0.584347 0.111397 -0.644205 -0.813725 -0.488382 -0.355182 -0.955678 -0.530378 -0.290507 0.172071 -0.979512 -0.741777 0.953381 0.269445 0.090205 0.803395 -0.18439 -0.363929 -0.881327 0.485815 -0.362171 -0.558158 0.745845 0.504467 
0.950373 0.270733 -0.048023 -0.243244 0.302182 0.432484 0.988756 -0.113412 -0.456119 -0.656867 0.072863 0.054291 -0.012049 0.117185 0.523914 0.697444 -0.710744 0.545737 0.955667 -0.757363 -0.184818 0.045872 -0.953967 0.629629 0.681943 -0.834164 0.115444 -0.680228 
-0.392322 -0.138711 0.823809 -0.441949 -0.864451 -0.223784 0.314807 0.434203 -0.791299 0.303562 -0.680286 -0.247418 0.646695 0.393654 0.808611 -0.365354 -0.487754 0.330787 -0.667909 -0.199905 -0.122968 -0.712242 0.042733 0.691706 0.333629 0.088766 0.321336 0.015572 
0.254602 -0.56322 0.335345 0.86228 0.298069 0.159584 -0.579669 0.43009 0.9358 0.735138 -0.135707 -0.855499 0.0387 0.185084 -0.102917 -0.314605 -0.421262 -0.296043 0.320041 0.089577 -0.965256 0.652132 0.889673 -0.088732 0.93989 -0.067595 -0.397025 0.273519 
-0.978829 0.92431 -0.713249 0.275772 -0.63891 0.624436 0.138151 0.659159 -0.21598 0.558383 0.089249 -0.280181 0.295356 0.953542 -0.13853 -0.667779 0.138626 0.761403 0.017617 0.717364 -0.53464 -0.662342 -0.192421 -0.499895 0.98979 -0.303386 0.411373 0.92968 
0.629019 -0.985652 0.203199 0.65019 0.938658 0.49229 -0.074038 -0.700252 0.116726 -0.935986 0.958906 0.900746 0.622397 0.048155 -0.379435 -0.084082 0.001697 0.484886 0.248139 -0.859677 0.246289 -0.734244 0.857687 0.711649 -0.396586 -0.335372 -0.788246 -0.406796 
0.361242 0.623127 -0.475166 -0.009738 0.637475 0.726083 -0.359254 0.576133 0.218373 0.566414 0.875859 -0.6649 0.630428 0.834786 -0.762229 0.252826 -0.114927 -0.143589 -0.831256 0.884638 -0.658704 0.416883 -0.97504 0.587585 0.682639 0.882647 0.299235 -0.713947 
-0.452725 0.510989 -0.120742 0.908518 0.134116 0.402142 -0.101221 -0.228409 0.128225 0.539231 -0.652277 -0.653402 0.105645 -0.776397 -0.318302 -0.263927 -0.941611 -0.082457 0.988899 -0.05867 0.773954 -0.842357 -0.174032 -0.88475 0.574526 -0.149071 0.702836 0.257165 
-0.266424 0.00207 0.544472 0.280851 -0.486844 -0.577524 0.189369 0.647174 0.824618 -0.911852 -0.581235 -0.047157 0.624897 -0.233512 0.299441 -0.266976 -0.012187 0.981139 0.466757 0.04848 -0.101318 0.457996 0.989303 -0.327364 0.615639 -0.184221 -0.209803 0.190165 
0.666708 -0.509278 -0.55267 -0.599717 0.492793 0.990549 0.681135 -0.994149 -0.586974 -0.129497 0.653026 -0.762356 -0.041348 -0.928209 0.190487 -0.413969 -0.161721 -0.510072 0.319055 0.82837 -0.528933 -0.211848 -0.12315 0.36975 -0.753852 -0.133339 -0.957614 0.861787 
0.683434 -0.169727 0.053227 0.349148 0.320996 0.499283 0.7481 -0.186212 0.490039 0.430566 -0.180989 0.902858 -0.699046 -0.527335 -0.858184 0.259721 -0.455544 0.330989 0.845752 0.382735 0.820301 0.164807 0.211105 -0.708016 0.952959 -0.912045 0.660749 -0.800893 
-0.045383 0.70412 -0.939105 -0.362943 -0.465606 0.112847 0.986205 0.855389 -0.387869 0.735636 -0.330823 -0.898037 0.166202 0.488817 -0.995179 0.467272 0.961482 -0.854677 -0.273007 -0.494062 0.476311 -0.427255 0.888673 0.297228 0.737552 0.099778 0.589213 0.690511 
0.188046 0.250947 0.889618 -0.85765 -0.044933 0.950513 -0.217625 0.489461 0.062977 -0.234388 0.345799 0.675491 -0.498752 -0.985973 0.779005 0.66745 0.502844 0.782274 0.135019 0.464326 0.927597 0.861715 0.970264 0.403908 -0.56554 0.858937 -0.294374 -0.827988 
-0.041285 -0.709651 0.862522 -0.853552 0.541296 0.75214 -0.711202 -0.503637 0.702653 0.068204 0.985824 -0.233986 0.833816 0.330674 -0.558496 -0.664936 0.344702 -0.781042 -0.997486 -0.152454 -0.998767 0.137237 -0.688128 0.92883 -0.001048 -0.717864 0.332738 0.433412 
-0.858945 -0.966126 0.605424 0.099789 -0.674605 0.467946 0.246505 0.86552 0.220087 0.535034 -0.638117 -0.07726 -0.396761 -0.652293 0.689402 -0.562945 0.677855 -0.869742 -0.227881 0.023083 -0.650784 -0.225367 0.870629 -0.649552 0.91187 -0.817499 -0.72143 -0.089178 
-0.535363 0.612016 -0.655766 -0.394289 0.64589 0.949658 0.705499 0.970114 0.417604 -0.048264 0.835634 -0.36231 -0.51323 -0.802483 0.56043 0.090009 -0.454776 0.249183 0.527064 -0.776395 0.379441 -0.700817 0.246688 0.728657 0.073816 0.117317 -0.920895 -0.014314 
0.299817 -0.641617 0.896507 0.764454 0.970399 -0.759259 -0.629835 0.61629 -0.809601 -0.924336 0.587129 0.608002 0.029292 0.422037 -0.754227 0.514171 0.619554 0.806123 -0.393766 -0.835222 0.056774 -0.868756 -0.609879 -0.565253 -0.569574 0.635071 -0.838434 0.504242 
-0.247613 -0.757491 -0.510073 -0.947795 -0.399108 -0.613565 0.816659 -0.428709 -0.372824 -0.813176 -0.81242 -0.182426 -0.737512 0.773984 -0.574423 0.289888 0.196021 -0.32873 -0.195941 -0.184424 -0.522608 0.408238 -0.019647 0.532698 0.539482 0.368736 0.967445 0.969908 
0.003807 -0.869151 0.47415 0.756195 -0.626643 0.964077 0.808399 -0.025751 -0.649488 0.625058 0.54554 -0.022313 0.808624 0.73312 0.793508 -0.92563 0.505017 -0.779161 0.364258 -0.296875 -0.107892 -0.831683 0.518701 0.369501 0.576555 -0.500946 -0.097801 0.116037 
0.867791 -0.130356 0.085945 -0.128402 0.000493 -0.439906 -0.372207 0.37385 -0.475829 -0.563808 -0.651901 -0.125317 -0.938749 0.893639 0.85237 0.873133 0.626759 0.647632 0.947503 0.133863 0.86847 0.311761 0.836989 -0.239422 0.480078 0.35569 -0.869921 0.056633 
0.854744 0.032278 -0.827331 0.722535 0.901922 0.258614 -0.405867 -0.097585 0.818708 0.221926 -0.723734 -0.657121 0.658118 -0.375635 0.217562 0.719369 -0.481996 0.069932 0.592502 -0.855237 -0.282437 0.540005 0.279469 -0.413967 -0.148234 0.115615 0.346612 -0.668156 
-0.528696 0.476691 0.388476 -0.673952 -0.491031 0.561146 -0.951417 -0.589109 -0.18024 -0.357284 0.313306 -0.361532 0.864642 0.589572 -0.018653 0.522761 -0.786063 -0.801091 0.24213 -0.268059 0.268841 -0.165368 -0.123296 0.986404 -0.625363 -0.84467 -0.427562 0.226403 
0.270945 0.919049 0.558247 0.742249 0.39574 -0.053276 -0.931702 0.904709 -0.492131 -0.883119 -0.6844 0.327629 -0.240403 0.628906 0.966097 -0.37576 0.218478 -0.052556 -0.853 0.432415 0.145651 0.389131 -0.835644 -0.584807 -0.776237 0.04106 -0.596572 -0.4016 
0.196391 -0.025965 0.824803 -0.532664 -0.106915 0.38305 -0.790415 -0.711175 -0.670226 -0.722117 -0.806466 -0.162357 -0.605237 -0.490867 -0.834728 0.154361 -0.861961 -0.868631 0.7786 0.356518 0.078813 0.925601 -0.211067 -0.774835 0.314731 -0.046711 -0.359641 0.538494 

0.041956 0.19074 0.961697 -0.090924 0.866474 0.197901 0.676291 -0.854457 0.391434 -0.487835 -0.460583 0.900568 -0.322562 0.694667 -0.961393 -0.191193 0.473268 0.395124 0.88762 0.398868 -0.817967 -0.887215 -0.2864 0.137346 -0.245101 -0.747906 0.131696 0.7951 
-0.677564 -0.649315 -0.279833 0.848172 0.369954 0.993716 0.309502 0.882119 -0.465978 0.21007 -0.440443 -0.771311 0.248677 0.368363 0.701957 -0.356199 0.255983 0.100825 -0.172142 0.368768 0.814425 0.965205 -0.878088 -0.933482 0.0969 0.917012 -0.544494 0.419336 
-0.19381 -0.55173 0.24802 0.871576 0.67584 0.753695 0.775758 -0.11409 -0.685593 -0.995553 -0.865413 0.681615 0.706404 -0.221612 -0.062402 -0.192771 0.606247 -0.693634 -0.378346 0.571451 -0.571722 -0.311828 -0.331648 -0.65471 0.143678 -0.912312 -0.926608 0.949868 
-0.478338 -0.264444 -0.676933 -0.436159 0.753049 0.449751 -0.609985 0.757497 0.584338 -0.92837 0.463901 -0.637274 0.009229 -0.72887 0.968973 0.315595 -0.107216 0.540424 0.743873 0.580956 -0.791225 -0.910837 -0.275366 -0.703537 -0.837445 -0.325497 0.783999 -0.315782 
-0.480445 0.449061 -0.864528 -0.750104 0.914082 -0.992607 0.169753 0.987469 0.471293 0.532874 -0.003302 0.742423 0.501847 -0.687707 -0.364793 0.042271 -0.943833 -0.783837 0.251046 -0.854671 -0.059202 0.547509 -0.692115 0.615301 0.330993 -0.007898 -0.258705 0.851063 
-0.435679 -0.809644 -0.65209 -0.29962 0.71618 -0.402194 -0.71381 0.632019 -0.394802 0.456338 0.619488 -0.923509 -0.010788 -0.383813 0.818915 -0.508941 -0.07152 -0.545878 0.53333 -0.015354 -0.329715 -0.215624 0.129976 0.611083 -0.668114 0.437861 0.226384 0.663394 
-0.570037 0.967678 0.514457 -0.005716 -0.842624 0.862367 0.694664 0.874214 -0.539828 0.980854 0.506233 0.065371 0.437192 0.125722 0.142259 -0.573595 0.740665 -0.039223 -0.080226 -0.329612 0.414898 -0.549206 0.655035 -0.914817 0.234527 -0.214989 0.694454 0.567056 
-0.777128 -0.07735 0.23045 -0.347165 -0.109672 -0.255093 0.647119 0.048362 -0.392726 0.341782 -0.077423 0.067447 0.322636 -0.57119 -0.867183 -0.240172 0.554532 0.274679 0.186233 0.29644 -0.764544 -0.896303 0.966829 0.650354 -0.445509 0.621864 0.735537 0.789661 
-0.593126 0.431804 0.358402 -0.370254 -0.645547 -0.412832 0.284001 0.244781 0.332075 -0.070301 -0.706856 0.939349 -0.727809 0.21572 0.007898 0.594118 0.64453 0.139613 -0.646054 0.199062 -0.583429 0.540179 -0.50311 -0.350252 0.64356 -0.537669 -0.700472 -0.801634 
-0.915805 -0.96436 0.988027 -0.508931 0.467443 0.344744 0.120815 0.821897 0.931912 -0.596605 0.066678 0.263987 0.333094 0.359822 0.203336 0.604576 -0.424458 -0.789868 0.198694 -0.779928 0.349745 0.55264 0.419134 0.764038 0.092818 0.914637 -0.586214 -0.263306 
-0.623032 -0.286112 -0.064941 -0.538838 -0.250473 -0.076913 -0.047512 -0.783029 -0.732169 -0.926954 -0.960562 -0.800257 -0.523559 0.105546 0.46373 0.809535 -0.533471 -0.332934 0.410889 0.040909 -0.122802 -0.387195 0.262366 -0.773057 -0.830586 -0.319884 0.99098 0.258263 
-0.405248 -0.595234 0.994957 -0.02828 0.118654 -0.069984 0.432882 0.868181 0.853103 -0.614887 -0.914848 -0.879066 -0.541841 -0.875981 -0.679324 -0.0654 0.229565 0.784406 -0.255865 0.694932 -0.548528 -0.841753 -0.264158 0.328669 -0.228948 0.996823 0.555612 -0.063503 
-0.323061 0.546593 -0.799285 0.271691 0.953803 -0.810283 -0.756589 0.070013 0.119468 0.676293 -0.060352 -0.027164 -0.938221 0.023346 0.093769 -0.480435 0.149696 0.414445 0.454165 -0.62307 0.198851 -0.8017 -0.928137 0.650323 -0.643453 -0.192295 -0.021008 0.127599 
-0.195472 -0.465395 -0.935904 0.481467 -0.918803 -0.741144 -0.246842 -0.967444 -0.551427 -0.003431 0.102569 0.568306 -0.327137 -0.959237 -0.458859 -0.265731 0.064109 0.63491 0.253834 -0.788526 0.049356 -0.292001 -0.411595 -0.751793 -0.093701 -0.339732 0.89853 0.262846 
0.466964 -0.122477 -0.608842 -0.7275 0.414373 -0.545459 0.753396 0.493324 -0.285892 -0.492875 0.52588 0.16197 0.503695 -0.371551 -0.269725 -0.823443 -0.330788 0.271417 -0.089174 0.73332 -0.095705 -0.83534 0.944794 0.955683 -0.127341 -0.466801 -0.79611 0.778958 
0.193467 -0.89758 0.041803 -0.338561 -0.020057 0.432248 -0.066061 -0.60793 0.886789 -0.312094 0.885395 -0.399814 0.195031 0.411275 0.762156 -0.301274 -0.960276 -0.507569 -0.124717 -0.291064 0.763848 0.78611 -0.557744 -0.329825 0.95077 -0.61295 -0.374143 -0.176572 
-0.081472 -0.170253 -0.397614 -0.886284 -0.067832 0.644189 -0.223571 0.912111 0.076438 0.709094 -0.698083 -0.036773 -0.602403 -0.810425 0.563413 0.59203 0.60085 0.325569 -0.709244 0.640574 0.818 0.16604 -0.65049 0.581847 -0.047851 -0.208234 -0.745578 -0.097081 
0.178817 -0.122121 0.726347 -0.900934 0.707627 -0.671267 -0.787218 -0.360206 0.972922 -0.012063 -0.448095 0.04936 -0.302969 -0.143915 -0.987413 0.09403 0.045661 0.576 -0.31394 -0.353489 -0.098432 -0.023183 -0.712915 -0.280432 -0.857144 -0.363405 -0.698585 0.095005 
0.428361 -0.446563 0.997924 -0.392822 0.431316 0.724271 -0.293756 0.138943 -0.946996 -0.080974 0.779716 -0.974073 0.906963 -0.669358 0.08007 -0.396006 0.186727 0.087873 0.698024 -0.767612 -0.33503 -0.615916 -0.121101 0.565441 0.360901 0.165984 -0.714991 0.503757 
0.802579 -0.413575 -0.401238 0.23094 0.139862 -0.403314 0.838118 -0.428822 -0.679042 -0.455639 0.710121 -0.626038 0.463387 0.488859 -0.600111 0.37035 0.819501 0.475175 0.974344 0.006228 -0.436951 0.672367 0.238616 0.226922 -0.943549 -0.882486 -0.207637 0.417352 
0.283498 0.077373 -0.078891 0.086077 0.663797 0.519871 -0.682983 -0.196341 -0.881628 -0.844865 0.374837 -0.562485 -0.300504 0.084959 -0.188523 -0.837117 -0.426183 0.211366 0.537489 -0.606682 -0.312461 0.507578 0.399546 0.24959 0.179351 -0.361838 -0.523488 0.236396 
-0.244324 0.268875 -0.346252 -0.960826 -0.653752 0.574857 0.125251 -0.989955 0.094728 0.442268 -0.186296 0.211285 0.597403 -0.811459 0.6488 -0.703101 0.2735 -0.539723 -0.540218 0.847317 0.671643 0.993016 -0.759365 -0.641816 0.500593 0.640181 0.607774 -0.319462 
-0.721657 -0.915714 0.916995 0.034019 0.353162 -0.429317 0.073193 0.699409 -0.85446 -0.801556 0.709454 0.240267 0.640713 -0.476842 -0.548631 0.238115 -0.2883 -0.899648 0.535014 0.9852 -0.439371 0.994796 0.832517 -0.767727 0.987811 -0.926848 -0.409543 0.488405 
0.713333 -0.801769 -0.831057 0.991676 -0.717482 -0.914122 0.025695 0.635679 -0.34344 -0.901112 0.335089 -0.1979 -0.702668 0.044543 -0.957632 0.938045 0.567701 -0.50608 0.17616 -0.720599 -0.405728 -0.288826 -0.7354 0.154902 -0.29403 -0.902883 0.387174 -0.306219 
-0.829731 0.977631 -0.817814 0.883603 -0.824138 -0.648871 0.875278 -0.54162 -0.562994 -0.099027 -0.907486 0.093567 -0.000139 0.429148 0.895667 0.297193 -0.526309 0.938034 0.235238 -0.958607 -0.567348 -0.588603 -0.679206 0.026226 0.122571 -0.414606 -0.818872 0.828541 
-0.317489 0.568303 -0.477678 -0.14722 0.545934 -0.295492 -0.263617 0.721796 0.055636 -0.388339 -0.819824 0.492642 0.512634 -0.725764 -0.413791 -0.487505 0.703384 -0.518124 0.809688 -0.822924 -0.58009 0.044926 -0.781531 -0.148136 0.456323 -0.460738 0.87809 -0.421106 
0.124656 -0.940781 -0.592565 0.807167 0.627521 -0.070243 -0.340052 0.173455 0.634264 0.396331 -0.103956 -0.3101 -0.992008 0.075427 -0.817457 0.520626 0.349663 -0.231249 -0.966879 0.053048 0.250627 0.842809 0.230124 0.670537 -0.112265 0.448592 -0.476721 -0.655942 
0.987854 -0.599509 -0.077048 0.11251 -0.54029 0.330387 -0.080323 -0.912769 -0.739857 0.579625 0.260686 0.894407 -0.024044 -0.844064 -0.415692 -0.016053 0.231364 -0.23315 -0.495426 -0.418973 0.535602 -0.462305 0.634074 -0.213771 -0.619496 -0.135802 -0.543235 0.268239 

