0.647002 1.65963 1.85074 0.30127 -1.09182 
-1.47656 -1.54859 0.235167 -0.221331 -0.619123 
-2.91343 -2.22333 -0.790182 -1.14452 0.772869 
-1.16642 -1.8874 0.733171 0.514302 -0.429111 
-0.221169 0.120698 0.288095 -0.120461 -0.383056 

-0.603662 -0.25082 -1.75377 1.3322 1.59834 
-1.05218 -0.279312 -0.678465 -0.121486 -0.867233 
-1.88074 -0.195705 1.79274 0.452639 -1.27307 
-0.220521 -0.461281 1.11393 -2.36191 -2.66016 
-0.290165 -1.30848 -0.516666 -2.56162 -3.17527 

-0.706853 -1.45219 -2.9741 -1.8542 -2.0578 
-0.617538 -1.10287 -0.733252 -0.11285 -1.62334 
0.124817 -0.404079 -1.91465 -0.236855 -0.968594 
0.497574 -0.569976 -2.1264 -1.34439 -1.82368 
0.140772 0.103936 -2.10522 -0.756034 -1.36518 

-1.0971 0.343048 2.18054 2.21071 1.8229 
0.222121 -0.515981 0.782205 1.55251 0.333245 
0.031302 2.05871 2.21052 2.22236 1.81884 
0.024333 2.17767 1.09801 2.97148 1.91546 
2.57062 1.62887 1.36854 3.08928 1.70699 

3.53243 1.9834 1.55248 0.081897 0.024552 
1.96833 1.30967 1.25479 1.04222 0.491626 
1.18414 1.58938 0.646344 1.1375 2.29273 
1.37446 -0.251417 0.610751 1.09645 1.57105 
0.240662 0.025499 -0.259791 0.262662 0.923404 

-0.072128 2.06189 2.81633 3.62784 3.70944 
0.556132 1.9704 4.52591 3.58432 2.8066 
0.76528 1.22338 3.17093 3.7862 2.56664 
0.61351 2.50343 3.47694 2.18032 2.02302 
0.928971 1.73344 3.13654 2.6998 1.23723 

-0.86395 0.095877 -0.247218 -0.397611 0.037638 
-0.690131 1.0917 -0.76611 -0.067079 -0.230214 
0.874301 1.28424 -0.249406 -0.351518 0.109499 
0.48665 1.13158 -0.123285 -1.23901 -1.00602 
-0.051833 0.908499 -0.03388 -2.26841 -1.5458 

1.85924 0.877158 0.579293 3.233 3.66633 
0.747089 3.88204 4.23947 4.27266 4.90929 
4.84157 5.12108 3.75753 3.00674 3.4559 
5.03968 3.16983 3.62983 3.94695 1.03478 
3.65756 3.26844 2.32714 2.73111 2.03448 

