-0.710453
-0.361497
-0.713665
0.559901
-0.601703
-0.789524
0.502431
-0.609343
-0.335998
-0.48178
-0.906547
-0.854141
0.565536
-0.545057
-0.316745
0.0727376
0.59267
0.908709
0.70183
-0.74491
0.627995
-0.194185
0.724745
-0.746772
0.313029
-0.676333
0.083472
-0.514026
-0.345629
-0.012099
-0.0610755
-0.0560818
0.624541
0.22109
-0.496181
-0.969466
0.427488
-0.985408
-0.578077
-0.902454
-0.463172
-0.484499
-0.764853
-0.91113
-0.0292243
-0.0815308
0.165491
-0.440979
-0.168907
-0.136298
-0.177043
-0.541964
0.672015
-0.454567
-0.289609
-0.0255187
-0.122414
0.793624
0.446208
0.515207
-0.219837
-0.61519
-0.543932
-0.593934
0.616305
-0.0307192
-0.570422
0.0478775
-0.0162035
-0.139414
0.152892
0.510655
0.387857
0.383527
0.602507
-0.657759
-0.689056
-0.232276
-0.0952262
0.138302
0.631425
0.729339
0.59641
0.306587
-0.718912
-0.69541
-0.728114
0.14372
-0.901839
0.738533
-0.334735
-0.11887
-0.865733
0.128695
0.29851
0.744742
-0.904231
0.724466
-0.203853
0.074265
-0.414948
0.946914
-0.405407
0.961139
0.335329
-0.793674
-0.68926
0.641927
-0.0259505
0.208253
-0.209736
-0.38499
-0.0561043
-0.626758
0.905648
0.219347
-0.322168
-0.819692
-0.63699
-0.224476
