0.915428 0.0282747 0.655784 -0.954237 -0.840998 -0.0584121 0.792404 -0.74099 -0.333945 -0.413084 

0.369216 0.199391 -0.459418 0.937287 0.1907 0.858023 -0.821703 0.527352 0.499394 0.157873 

-0.265853 -0.710062 0.729188 0.676887 -0.33682 0.634836 -0.103825 0.341012 0.815144 0.259185 

-0.882943 0.730571 -0.712539 0.772841 0.776334 -0.553539 -0.285571 0.568739 -0.294529 0.380483 

-0.845699 -0.959511 -0.370785 -0.312209 0.979788 0.841029 -0.421474 -0.84659 0.346633 -0.915099 

0.265048 -0.901764 -0.639474 -0.00576404 0.775123 0.0237054 -0.370928 -0.328701 -0.635283 -0.555784 

0.929031 -0.520075 -0.815224 -0.777825 -0.746962 0.951038 -0.335487 -0.0319125 0.513232 0.368097 

-0.62573 0.637493 0.425912 -0.0258663 -0.656252 0.401149 -0.152828 -0.0699657 0.536778 -0.78144 

0.0157172 -0.198123 -0.714289 0.348028 0.795161 -0.911239 -0.612978 -0.578093 -0.261782 -0.258627 

-0.116213 -0.335816 0.225812 0.0585743 -0.117872 0.480427 0.00969646 0.546533 -0.550529 -0.470443 

-0.0835727 -0.201044 -0.79494 -0.665359 0.780091 -0.429466 0.744517 -0.394951 0.494777 0.295665 

-0.187136 -0.5207 -0.864501 0.0854495 0.830352 0.908483 0.151914 -0.777854 -0.627812 0.855495 

-0.0379752 0.24157 -0.49672 -0.835543 -0.709944 0.42925 0.665415 0.331358 -0.0192811 -0.804513 

0.881415 0.868245 -0.0637848 -0.947148 -0.808107 -0.295331 -0.379781 0.966205 0.292995 -0.879096 

0.261578 -0.897071 -0.396103 0.373551 0.184331 -0.55054 0.296027 -0.671873 -0.325875 0.658306 

-0.794398 0.642877 -0.0961561 -0.25271 0.838012 0.208261 -0.828924 0.513157 -0.477967 0.142384 

0.654797 -0.658549 0.0380633 -0.450508 -0.610645 0.237893 0.285958 0.0384191 0.206111 -0.395177 

0.200255 -0.607975 -0.329588 0.705134 0.812094 0.86308 -0.756206 0.163958 -0.804574 -0.0681108 

-0.170762 -0.641954 -0.473686 0.701121 0.12067 -0.651455 -0.0612614 0.319654 0.855416 0.468002 

-0.534091 0.495225 0.80679 0.46823 -0.922879 -0.780072 -0.259444 0.336094 0.253137 0.946565 

0.932978 -0.635132 -0.567441 -0.422092 -0.868056 -0.732603 -0.531559 -0.638985 0.407605 -0.335154 

0.25478 -0.810017 0.0385285 0.741735 0.913796 -0.834866 -0.872222 -0.141428 0.473678 1.00319 

-0.683859 0.904658 0.49122 -0.910487 0.40306 0.544729 -0.661097 -0.836431 -0.127249 0.599923 

-0.869429 -0.233482 0.980691 -0.472338 0.359981 -0.880818 -0.171133 0.821914 -0.526339 -0.753251 

-0.505281 0.666393 -0.527399 0.492888 0.438772 -0.622128 0.688741 0.555961 0.242398 0.179358 

0.569877 0.483043 0.106826 0.0173032 0.613398 -0.484749 -0.393943 0.950796 -0.326599 0.490471 

0.519637 -0.215774 -0.737496 0.492625 0.314453 0.643602 0.619188 -0.879327 0.471341 -0.899437 

-0.651133 0.935162 0.812285 -0.195943 0.429958 0.273113 0.194692 0.0981043 -0.160101 -0.562356 

-0.722408 -0.654365 0.979682 0.342143 0.387441 0.595447 0.892676 0.994732 0.537638 -0.421707 

0.479842 0.0349457 0.340962 0.710369 -0.457043 -0.360297 0.383288 -0.809927 -0.246122 -0.138303 

-0.689574 0.0872645 -0.226839 -0.920727 0.894616 -0.803057 0.39285 0.106506 0.303093 -0.766388 

0.578319 0.512122 -0.400138 0.518497 -0.122946 -1.00677 0.151437 -0.224211 0.97535 -0.289301 

0.319027 0.445239 0.753812 -0.347503 0.163051 -0.681581 0.300431 -0.475479 -0.497736 -0.931077 

0.381958 -0.250288 0.193773 -0.882022 -0.138216 0.0994647 -0.654771 -0.740498 -0.79081 0.648331 

-0.512418 0.74056 0.176114 0.0479392 0.281846 -0.940906 0.0786611 -0.560657 -0.177727 0.0756343 

0.165512 -0.858225 -0.52164 -0.119342 -0.200819 0.640429 0.168913 -0.896442 -0.827202 0.709226 

-0.820858 0.532987 -0.524186 0.363804 0.661818 0.361943 -0.529717 0.985539 0.60875 -0.296998 

0.605336 -0.924091 -0.5269 -0.226037 0.131292 0.776588 -0.158705 -0.811872 -0.7903 0.678216 

0.234942 0.324699 0.834092 0.726988 -0.806503 -0.357497 0.382084 0.380714 -0.248655 0.561701 

0.149247 -0.11221 0.0939894 0.511273 -0.717071 -0.226549 -0.0956669 -0.218319 -0.259539 -0.489678 

0.47803 -0.67891 -0.398173 0.927638 0.106504 0.717374 0.732136 0.974278 0.89977 0.946682 

0.645755 0.149181 0.244555 0.479847 -0.123832 0.438052 -0.87765 -0.741747 -0.181234 -0.126305 

0.844388 0.852403 0.810514 -0.0896278 0.413875 -0.912081 0.701651 -0.652371 -0.144216 -0.554053 

-0.139151 -0.680493 -0.220093 0.454591 -0.746147 0.904891 0.186921 0.962534 0.872968 0.0944693 

0.884849 0.518718 -0.755426 0.129396 -0.00138353 0.120756 -0.432543 0.120911 0.379 0.386206 

0.994609 0.19896 0.275187 0.797415 -0.882377 -0.289468 0.893377 0.797423 0.0518822 -0.245762 

-0.781046 0.923106 0.0683588 -0.00823299 0.36168 0.323665 -0.0861071 -0.42914 0.29072 -0.216135 

0.643767 0.180244 -0.699631 0.888353 -0.690349 0.298934 0.00910679 -0.122891 -0.580152 -0.611887 

-0.711778 -0.622259 0.593098 0.531265 -0.809566 0.696476 -0.729113 -0.888452 0.487702 0.329935 

-0.115945 0.689326 0.220561 0.927588 -0.292028 -0.427966 0.287247 0.644537 0.114014 -0.410351 

-0.58004 -0.227604 0.741066 -0.279671 -0.339252 -0.949283 -0.980738 0.669855 -0.0721735 -0.56089 

-0.942031 0.191161 -0.146433 0.645043 -0.270318 0.0654382 0.349739 -0.0212656 0.170687 -0.148142 

-0.697633 -0.992933 -0.40772 0.486683 0.923061 0.278737 -0.892693 0.247024 -0.0589394 0.219557 

0.790003 0.367413 0.971651 0.528061 -0.913949 -0.366956 0.588579 -0.894314 -0.697527 -0.483119 

-0.455213 -0.637466 0.702223 0.398306 -0.992359 -0.568116 -0.536224 0.357379 0.408265 0.636951 

-0.790763 0.690308 0.664636 -0.212583 0.183048 0.629844 -0.904773 0.25605 -0.139525 0.0413299 

-0.513552 -0.386849 -0.585354 -0.565833 -0.829582 -0.502244 0.0623762 0.754712 -0.397941 0.39599 

-0.721247 0.144233 0.733716 0.980978 -0.457429 0.741358 -0.587116 0.00634765 0.0987397 0.823525 

-0.363119 0.304062 0.501204 -0.695417 -0.909536 -0.304481 0.932737 -0.768121 0.926224 -0.188589 

0.211755 -0.518989 0.459042 0.640249 -0.171205 0.598818 -0.871976 0.922557 0.393791 -0.285552 

0.279109 0.678738 0.8766 0.0134394 0.659483 -0.578879 -0.245008 -0.927653 0.425544 0.853561 

0.94168 -0.933986 0.150879 0.383691 -0.633119 0.256388 -0.850415 -0.697266 0.434939 -0.9682 

0.114512 -0.31506 -0.506525 -0.464231 -0.676428 0.292384 -0.796136 -0.540457 0.205445 0.561127 

0.18479 -0.498686 0.261346 0.0616302 0.514957 -0.0790865 0.481042 -0.730041 -0.00663466 -0.0931991 

-0.851732 -0.147653 -0.0191363 0.277978 -0.722496 0.337158 -0.43564 -0.587923 0.638084 1.01911 

-0.509953 -0.281223 -0.322541 -0.071717 0.284894 -0.0192312 -0.729881 0.49569 0.426568 0.498514 

0.0992903 -0.403213 0.980915 -0.672385 0.666416 0.47404 0.280799 0.180318 0.74417 -0.747153 

-0.899984 0.842615 0.144672 0.0413713 0.143391 0.428109 -0.583975 0.713811 0.827581 -0.924269 

0.697854 -0.692361 -0.197287 -0.632146 0.243378 -0.89079 0.356833 0.491679 0.598639 -0.201942 

-0.0386178 -0.3291 0.42398 -0.067615 0.00446449 0.111583 -0.581657 -0.741057 -0.719774 -0.825741 

-0.493244 -0.644452 -0.94617 0.644413 0.404221 0.218872 0.0803745 0.798577 -0.0734943 -0.0773813 

0.846189 -0.376614 0.229839 -0.347876 -0.00822594 -0.526302 -0.24264 -0.651016 0.958133 -0.63941 

0.170744 -0.0989713 0.0413318 -0.417104 0.848931 -0.973595 0.66727 -0.734806 -0.701254 0.972995 

-0.542843 -0.174004 -0.692798 -0.479841 -0.56233 0.727286 0.699453 0.506892 0.494499 -0.320666 

-0.52583 0.350381 0.279108 0.664788 -0.987108 -0.726423 -0.860272 -0.228096 -0.383411 -0.889006 

0.128897 0.761543 0.0387845 -0.842266 -0.666161 -0.101995 -0.812432 -0.980989 0.175367 -0.519669 

0.988756 0.566556 0.255627 -0.737599 -0.835039 0.705379 -0.951392 0.852478 0.238229 0.608846 

-0.46685 0.645374 -0.0822536 0.776421 0.334941 -0.0824544 -0.926849 0.510606 0.684175 -0.303359 

0.64203 -0.207256 -0.561075 -0.351658 -0.0368643 -0.246695 0.579268 0.178392 -0.230562 -0.239017 

0.649386 -0.24251 -0.640498 -0.0750071 0.0603261 -0.504439 -0.357752 0.0824862 -0.6475 0.884625 

-0.374486 -0.140866 0.563255 0.535768 -0.357001 -0.0801532 -0.538455 -0.305668 -0.575775 -0.839667 

0.361941 -0.958432 -0.0117533 0.793423 -0.301135 0.972503 -0.440824 -0.745763 0.144462 0.343045 

0.0115231 -0.242058 -0.887421 0.338265 0.698991 0.154748 0.86131 -0.630125 -0.764351 -0.780967 

-0.759678 -0.142789 0.031248 0.800175 -0.596037 0.696055 -0.267615 -0.103354 -0.609355 0.163603 

0.0558557 0.710392 0.201233 -0.985593 0.52012 0.877798 1.01472 -0.892065 -0.863726 0.165344 

0.443186 0.132997 0.931984 0.548158 -0.520784 0.652591 -0.2857 -0.68167 -0.984233 -0.0370435 

-0.491869 -0.741161 0.837274 0.554014 -0.929567 -0.752994 0.248666 -0.20515 0.118433 0.634487 

0.94571 -0.849656 0.382995 0.138744 -0.829527 -0.0752638 0.0305642 -0.836853 0.0257491 0.177004 

0.324868 -0.568056 -0.682503 0.22484 -1.00456 -0.21901 -0.0933057 -0.262383 0.0932192 -0.0708261 

0.720865 0.576705 0.152185 0.499418 0.155067 0.229344 0.803634 -0.557826 -0.993865 -0.0652573 

-0.919776 0.930646 0.0549285 0.431212 0.0847397 0.209683 -0.614792 -0.856815 0.366423 0.417962 

0.349776 -0.366554 0.8721 0.619598 0.894109 0.85654 -0.552138 -0.211625 -0.38403 0.527292 

0.717828 -0.733361 0.144657 -0.146157 0.81181 -0.702079 -0.890258 0.617094 -0.284515 -0.861285 

-0.490736 -0.217186 -0.923468 0.555676 -0.776609 0.183324 -0.226848 -0.413016 0.318087 -0.8417 

0.976665 -0.384266 -0.162439 0.83607 -0.751979 -0.250731 0.714236 -0.309817 0.524546 -0.659403 

-0.821325 0.230051 -0.367837 0.327621 -0.896774 -0.534747 0.63487 -0.798064 -0.938873 -0.637254 

-0.696641 -0.433843 0.150689 -0.618286 -0.876261 0.375382 0.562813 -0.1019 0.956734 -0.111027 

0.0758692 0.902185 0.524745 0.879545 0.751983 0.767111 -0.341885 0.489465 -0.567994 -0.787072 

0.810716 -0.36653 0.425511 -0.583064 0.963401 0.536215 -0.132158 0.604558 0.727277 -0.0688108 

0.962974 -0.95905 0.516491 0.128657 -0.609441 0.607047 -0.4429 0.956296 -0.493628 -0.563597 

-0.115211 0.529206 -0.593012 -0.629972 0.431542 -0.835109 -0.825367 -0.904283 0.64175 -0.371741 

-0.702299 0.419209 0.245444 0.697133 0.850392 0.196907 0.264229 -0.255826 -0.204792 0.00145998 

0.665292 -0.177405 0.0413178 0.147223 0.864235 0.389297 -0.167114 -0.637891 0.393915 0.279204 

-0.141025 -0.74061 -0.142594 0.25847 -0.363139 -0.689404 0.431596 -0.210325 -0.599917 0.0879613 

0.413676 -0.363323 -0.448797 -0.380267 -0.643345 -0.592356 0.853992 0.626763 0.139228 -0.330158 

-0.381277 -0.219111 0.427659 0.594676 0.954589 0.313072 0.0460207 -0.241229 0.70535 -0.547799 

-0.932066 -0.447058 -0.309543 -0.106747 0.817215 0.309687 0.236715 0.27595 -0.905019 0.62639 

-0.618466 0.461412 -0.707002 -0.106767 -0.896066 -0.344421 0.33837 0.963985 -0.730268 -0.500779 

-0.376659 -0.158494 0.295771 -0.988504 -0.541029 0.256286 0.362061 0.511051 -0.997553 0.0890336 

0.927344 -0.934979 0.638117 -0.390442 -0.0390595 0.474712 0.931681 -0.822479 -0.256833 -0.960699 

0.800414 0.0941954 0.534258 -0.914623 -1.01015 0.656407 -0.269129 0.309964 0.62114 0.0374663 

0.79078 -0.840729 0.897928 0.0512212 -0.752497 -0.613676 -0.636556 0.596472 0.873946 -0.596849 

-0.330416 0.74712 -0.564004 -0.722778 -0.593359 0.381003 0.774137 -0.654723 0.561241 -0.476326 

-0.582655 0.305039 0.611065 0.923623 0.391437 0.598541 0.616759 -0.845823 -0.088089 0.245399 

0.167158 -0.283329 0.436976 0.0648681 0.795095 0.676319 0.443199 -0.861964 0.255905 0.326353 

-0.477385 0.858797 0.145219 -0.0886025 -0.847008 0.551779 -0.676544 0.936214 0.898323 0.886906 

-0.568827 -0.694314 0.200143 -0.965255 -0.763247 -0.386771 0.641517 0.831693 -0.238822 -0.431958 

0.0728332 0.891341 0.292206 -0.522203 -0.0284453 0.0715764 -0.816622 -0.557369 0.20323 0.446292 

0.787318 0.678893 0.320655 -0.106982 -0.386917 0.479565 -0.517713 -0.0574177 0.403305 -0.597787 

-0.165291 0.810055 -0.30751 0.981578 0.855955 -0.0852498 -0.389428 0.523889 -0.253571 0.396175 

