-0.9883
-0.655746
0.676808
0.296783
-0.30883
-0.842823
-0.844576
-0.997148
0.513148
0.793839
-0.539756
0.63673
0.439481
-0.22364
0.487073
-0.769229
-0.715593
-0.985786
0.709039
0.248211
-0.900983
-0.740383
-0.63266
-0.145373
-0.25377
-0.103417
-0.0732641
-0.0576368
-0.141871
0.895927
0.300513
-0.130171
-0.759819
-0.0226791
-0.833388
-0.0686494
0.134498
-0.677964
-0.0657973
-0.352355
-0.884125
0.394446
-0.715624
0.555356
-0.829194
0.771449
0.786128
-0.544786
0.785663
0.495167
0.703425
0.884681
0.754784
-0.929235
-0.260692
-0.498985
-0.0326519
0.666044
0.443378
0.825477
0.561971
-0.256109
-0.304694
0.802152
0.721212
-0.138082
-0.266498
-0.14429
0.183954
0.667705
0.503355
0.299829
0.0621514
0.787731
-0.144814
0.232958
0.559179
-0.358687
0.688172
0.344843
-0.86352
0.391597
0.229523
0.891265
0.462362
0.968831
-0.607721
-0.57029
0.634875
0.835657
-0.744813
0.196845
-0.420452
-0.0495072
-0.00100288
-0.69924
0.812411
0.7325
0.15647
-0.00363524
0.400205
-0.340175
-0.703806
-0.537644
-0.552444
0.151379
0.695314
-0.993265
0.792693
0.383486
0.351578
0.929173
-0.224918
-0.418899
0.820438
-0.762556
-0.450068
-0.787283
-0.332846
-0.815194
