-0.329956 -0.694862 0.431069 0.50178 0.792605 -0.392791 0.0531767 0.264944 -0.46276 -0.209034 0.249685 0.135491 -0.275517 -0.636233 0.503461 -0.0285038 -0.316832 0.63768 0.940362 -0.124508 0.426728 0.17455 -0.950822 -0.471359 0.972666 0.0510211 -0.660837 -0.357289 
-0.3557 0.928669 -0.0323266 -0.482193 0.319332 0.782751 -0.887878 -0.889703 0.0324355 0.247613 -0.16522 0.396202 -0.248927 0.806276 -0.92063 -0.611246 0.746638 -0.0451382 0.815482 -0.0788122 0.00403958 -0.655877 -0.106146 -0.944939 -0.316714 0.536565 -0.447339 0.327586 
-0.51867 0.970132 -0.429405 -0.933184 0.657136 -0.822886 0.385782 -0.0952516 0.0118939 -0.218016 0.655822 -0.18183 -0.138646 -0.955424 -0.435191 0.816216 0.860057 0.485996 -0.179745 -0.79582 -0.620149 -0.124684 -0.112534 0.916416 0.427977 -0.784948 -0.0811259 0.909307 
-0.110994 -0.161564 -0.276392 -0.908844 -0.422437 -0.00409594 0.912616 0.359547 -0.348274 -0.269214 -0.779099 -0.303698 0.295595 -0.962884 -0.443641 -0.218409 -0.142628 -0.239461 0.161441 0.732687 0.648005 0.077857 0.160664 0.863057 0.996731 0.0699707 -0.869103 -0.114263 
-0.0306671 -0.54963 0.410913 -0.261322 0.263707 -0.901775 0.0585428 0.994493 -0.680875 0.754844 0.290088 -0.643758 -0.688797 -0.928321 0.213613 0.0717423 0.23312 -0.0536995 -0.280253 -0.689023 -0.893035 -0.417195 -0.692292 0.176935 -0.286298 0.193445 -0.0963025 0.683035 
-0.486797 0.354068 0.844149 0.924115 -0.294841 -0.417173 -0.669068 0.968867 -0.318949 0.389475 0.96336 0.000176584 0.14432 0.253448 0.356418 0.455523 0.325127 -0.429969 -0.472735 -0.441753 0.516332 0.247012 -0.130776 0.623296 0.829817 0.176932 -0.199768 -0.456481 
-0.629623 0.703929 -0.773446 -0.11642 0.0579969 -0.929297 -0.192304 0.763156 -0.34647 0.138628 0.732023 0.334581 -0.471897 0.695383 -0.665242 0.672423 -0.0511688 0.691176 0.127945 -0.726042 -0.738793 0.65521 -0.167795 0.777539 -0.0977772 0.701428 0.400835 -0.26796 
-0.121639 -0.798933 0.275559 0.248738 0.904996 0.502113 -0.867682 -0.0370067 0.572816 -0.0599865 -0.27385 -0.773655 -0.921359 -0.541827 0.560927 -0.393255 -0.846444 0.895684 -0.720833 0.102387 0.58686 0.407113 0.376345 0.848068 0.0623229 -0.79145 0.625607 0.964546 
0.909978 0.0264421 -0.303414 -0.211661 0.227509 0.972144 -0.962923 0.132505 0.474257 -0.830605 -0.904501 0.0470726 0.109409 -0.178352 0.273418 0.18805 0.279821 -0.165655 0.794795 0.433378 -0.269971 -0.926038 -0.464235 -0.68311 0.481074 0.91211 -0.835043 -0.456603 
-0.87934 0.790564 -0.492057 -0.969361 -0.182994 0.204529 -0.181022 -0.955485 0.176673 -0.143945 0.177021 -0.34907 0.0254495 0.27252 0.698003 -0.865142 -0.905832 -0.0285792 0.322908 0.373989 0.805766 0.117703 -0.192633 -0.464205 0.191665 0.343132 -0.147315 -0.327261 
0.255242 0.0176421 0.216136 0.375902 -0.191794 0.724079 0.406541 0.625212 -0.071392 -0.774482 0.669728 -0.894719 0.0815727 -0.153251 -0.243789 -0.892978 -0.880732 -0.545786 -0.75812 -0.786564 0.425635 0.564789 0.587426 0.2314 -0.317509 -0.605208 0.767195 0.874156 
0.737924 -0.38012 -0.453105 -0.0068339 0.637522 0.763031 -0.630932 -0.554272 0.48711 0.775609 -0.929059 -0.584282 -0.998873 0.740669 -0.479001 0.0826999 -0.412583 0.277211 0.189722 -0.293314 0.731425 0.431603 -0.0798781 0.157059 -0.00360883 -0.492453 -0.61154 0.678882 
-0.0976603 -0.844345 0.553038 -0.359736 -0.224465 -0.900067 0.63343 -0.586942 0.862964 -0.997502 -0.141214 0.350074 0.778107 -0.070273 0.765793 0.779234 -0.329604 -0.713208 -0.138066 0.257813 0.564003 -0.948343 0.964499 0.295427 0.483259 -0.115379 -0.547513 -0.52035 
0.392168 -0.159053 -0.841467 -0.705492 -0.00339812 0.711571 -0.0652284 0.772137 0.811504 -0.431798 -0.814805 0.674468 -0.4293 0.0439808 0.0245422 -0.651193 0.973708 -0.209665 -0.871959 -0.355896 0.0771271 -0.0100246 0.901917 -0.35887 0.0416319 0.866416 0.936557 -0.475109 
-0.248964 -0.610956 0.00454139 -0.856796 0.229991 0.163074 -0.562288 -0.773407 -0.125355 0.372484 0.99873 -0.313851 0.940685 -0.816075 -0.639383 -0.488615 0.227906 0.385159 -0.139808 0.201613 -0.824506 -0.0117671 0.845717 0.252621 0.978208 0.747634 0.893751 0.0198402 
0.614049 0.830309 0.544731 -0.634914 -0.780647 -0.450727 -0.49171 0.449344 0.712347 -0.0539982 0.675937 -0.413008 -0.681515 0.674667 0.273141 -0.740829 0.858592 0.633758 -0.229444 0.0864974 0.0189173 0.630747 -0.711889 0.194412 -0.38102 -0.866172 -0.552967 -0.402812 
0.881462 -0.659216 0.617029 0.495511 -0.828907 0.16176 0.860597 -0.609554 0.711033 -0.631114 0.83979 0.42338 0.314888 0.515727 -0.989629 0.633374 0.190394 0.283513 0.892544 0.0489853 -0.0827294 -0.3369 -0.864517 0.936188 -0.706153 -0.576406 0.130599 -0.0871727 
-0.442579 0.577632 0.510016 -0.561117 0.918416 0.127044 0.934394 -0.910491 -0.711196 0.794991 -0.520045 0.999837 -0.836123 -0.680255 0.423217 0.478766 0.835472 0.433588 0.112139 0.0258653 -0.282899 0.00468381 -0.925149 0.634371 0.667784 -0.789667 0.570559 0.961631 
-0.366073 -0.298841 -0.125542 0.191348 -0.721209 -0.615526 0.630232 -0.802793 0.511518 0.564626 -0.713283 0.800323 0.359617 -0.233328 0.80016 0.523494 0.0864169 0.223376 0.00225987 -0.0781114 -0.343036 -0.885601 0.947754 0.374065 0.119083 -0.977395 0.008436 -0.213133 
-0.767062 -0.421005 -0.251502 -0.133135 0.280154 0.622956 -0.941787 0.558944 -0.99257 0.688445 0.756152 0.518949 0.253071 -0.957132 0.319271 -0.387312 -0.19046 0.119431 -0.863818 0.895957 -0.657193 0.138442 -0.182154 -0.00022829 0.252841 -0.2344 -0.626163 -0.628076 
-0.211796 0.382273 0.158791 0.0211421 0.961268 0.907289 0.888007 0.241421 0.530245 0.94622 -0.199634 0.537675 0.634665 -0.443483 0.0566233 -0.112264 -0.400614 -0.624105 0.500423 0.408926 0.495326 0.636605 0.304883 0.838133 -0.224954 -0.877272 -0.162095 -0.972113 
-0.111672 0.211741 -0.600189 0.676532 -0.405986 0.558602 -0.302326 -0.444718 0.465891 -0.414319 0.796703 -0.0038645 -0.468099 -0.402932 -0.46619 -0.833434 0.153586 0.590434 0.0543017 0.752971 0.966328 -0.445275 0.161897 0.461654 -0.80867 -0.53322 0.299787 -0.0336239 
-0.410492 -0.862308 -0.00573655 0.477836 0.349433 0.394075 0.154369 0.943447 -0.0473231 0.852043 -0.501272 -0.581432 -0.562276 -0.704569 0.414703 -0.0303745 -0.107501 0.948514 0.136192 -0.953915 0.538947 -0.809507 0.799056 0.505275 -0.254782 -0.0390465 -0.0330706 -0.0634521 
0.427733 -0.733284 0.902924 -0.982758 -0.595592 -0.102813 0.495078 0.753841 -0.708738 -0.350553 0.697288 0.243939 -0.498511 -0.803984 0.662507 -0.0607863 -0.508553 0.07721 0.908839 0.383946 0.0257236 0.045031 0.430032 -0.435329 0.235524 0.229088 -0.930054 0.980743 
-0.809958 0.0368756 -0.0827094 0.617775 0.303592 -0.179785 0.635017 0.708 0.717402 0.130095 0.461841 -0.991336 0.779541 0.159128 0.252603 -0.718969 0.355144 -0.0848897 0.220244 0.846591 0.99232 0.129084 0.230538 0.0180439 -0.825885 -0.339431 0.582715 0.409639 
0.889657 0.652661 0.390382 -0.920301 -0.310463 -0.692328 0.697474 0.993128 0.127887 0.33249 0.701128 -0.154711 -0.537415 0.162969 -0.146047 -0.757874 -0.677903 -0.893443 -0.476843 0.677241 0.0216672 0.743401 0.523833 0.0139876 -0.127515 -0.24563 -0.967969 0.0465995 
0.41494 0.614746 -0.543761 0.304597 0.267407 0.84662 0.384296 0.956944 -0.845707 0.08177 0.950072 0.28218 -0.585739 0.6512 -0.872531 -0.123154 -0.185831 -0.0185778 0.118972 0.136266 0.0879791 0.642129 -0.186492 -0.890354 0.38553 -0.66266 0.123634 -0.741985 
0.0917109 0.155665 0.304615 -0.493349 -0.229589 0.760854 0.811248 -0.962182 0.607474 0.195544 0.994762 0.761766 -0.722686 0.944834 0.0439461 -0.308425 0.596034 0.171415 0.56842 -0.589796 -0.847163 -0.312608 0.54647 0.240816 -0.670479 -0.640022 0.350463 0.715052 

-0.525904 0.789029 0.277682 -0.599827 -0.893072 -0.562008 -0.353991 0.302472 -0.567246 -0.592224 0.579786 -0.622412 0.451722 -0.728639 0.973622 -0.376863 0.839781 -0.616174 -0.224026 -0.472827 0.930296 -0.98321 -0.143306 -0.709727 0.367253 -0.428254 -0.0124087 0.841349 
-0.22338 0.822496 0.871284 0.179227 0.507041 -0.518301 -0.25797 0.914817 -0.938515 0.119618 0.366539 -0.667154 0.0932397 0.989676 -0.827373 0.477065 -0.23435 -0.3002 0.407361 -0.21756 0.556494 0.697634 -0.850307 -0.87176 -0.314775 0.991043 -0.326946 0.461846 
-0.504451 0.333438 0.713373 -0.136378 -0.615256 -0.221562 -0.743443 0.504361 -0.855023 -0.410597 -0.402399 -0.865347 -0.237971 -0.925334 -0.0996971 0.461829 0.482027 0.682743 0.0183233 0.179661 0.832437 0.146564 0.864887 0.823479 0.819618 0.326732 0.285633 -0.684833 
-0.380929 0.574251 -0.464631 -0.353472 -0.97412 -0.849111 0.458785 -0.384717 -0.25151 0.593438 0.377312 -0.176844 -0.506259 -0.160858 -0.694817 -0.823516 0.857465 0.484844 -0.99108 0.00402862 0.349731 0.8324 -0.176354 -0.323537 0.118033 0.138813 -0.462659 0.737103 
-0.888408 0.34593 -0.354584 0.906795 -0.881478 -0.477922 0.544795 0.71196 0.89939 -0.632049 -0.794299 -0.261468 -0.326866 -0.617816 -0.404003 -0.842021 -0.608895 0.600025 0.507709 -0.776496 -0.576329 -0.815827 0.341537 0.562485 -0.278487 0.0786403 -0.626955 -0.166895 
0.0775283 0.718976 -0.285981 0.722944 -0.621287 -0.379186 -0.48075 -0.502764 0.142891 -0.935955 -0.790804 0.0422815 -0.568004 -0.585104 0.780813 0.105131 -0.202919 -0.62319 0.263109 0.188186 0.976835 -0.229181 0.41169 -0.599494 -0.0450084 -0.246773 0.962991 0.676505 
0.831867 -0.663964 -0.49039 -0.0906044 -0.944988 0.223629 -0.36766 -0.566275 0.844443 0.15159 -0.0690388 -0.0126654 0.215635 0.140157 -0.970384 0.647632 0.555053 0.810429 -0.247238 -0.647866 -0.812761 -0.984128 0.54032 -0.835926 -0.213309 -0.0479904 -0.43542 0.741683 
0.705237 -0.472429 0.418188 0.537104 -0.136393 0.927798 -0.5535 -0.0813807 0.151427 0.0788396 0.352345 -0.00412997 -0.76957 -0.716694 0.983205 0.446065 0.423463 -0.987179 0.0936963 -0.021484 0.82325 0.846459 0.33065 -0.989511 0.862331 -0.12903 -0.825437 -0.350978 
0.822979 -0.260857 -0.609296 0.528216 0.266714 0.808892 0.0653196 -0.869678 0.736689 0.511819 0.048941 -0.111884 -0.409341 -0.598714 0.883986 -0.178912 -0.315409 0.867191 -0.732847 -0.891946 0.880012 0.360849 0.0865701 0.703262 0.207308 -0.58278 0.713751 0.069639 
0.28819 0.888314 0.718661 0.111169 -0.372543 -0.890635 -0.360615 0.894172 0.918257 0.704704 -0.975507 0.654946 0.216524 0.0734345 -0.456937 0.807182 0.47472 -0.572951 -0.371729 -0.840689 -0.70576 -0.104576 -0.732634 -0.825748 -0.743727 0.353936 0.877514 0.463582 
0.771156 0.591264 -0.466779 0.0593457 0.479578 -0.748119 -0.829485 -0.892964 -0.638753 -0.190101 -0.998792 -0.720496 -0.485396 -0.974299 0.93445 0.731127 0.0991354 -0.522487 0.53831 -0.426144 -0.0954384 -0.83342 -0.266833 0.198802 0.0620043 0.000532525 0.373053 0.318278 
-0.645532 0.250567 -0.218141 -0.874376 -0.158169 0.31508 0.18497 -0.67859 0.566961 0.355484 -0.571554 0.928208 -0.834616 -0.570347 -0.792289 -0.320012 -0.544646 -0.857839 -0.588885 0.55449 -0.380326 0.949425 -0.871655 0.524235 -0.883995 -0.138488 -0.276963 0.178009 
0.862045 -0.90391 -0.503713 -0.783487 0.346657 0.278146 -0.657863 -0.811512 -0.406774 0.527107 -0.490102 -0.839813 -0.117409 -0.0616563 -0.911605 0.0479747 0.367997 -0.703894 0.727962 0.823351 -0.561733 -0.860923 0.37784 0.0579406 -0.911498 0.506185 -0.417824 -0.795493 
-0.632303 0.305213 0.382516 -0.770258 0.401303 0.878803 -0.553745 -0.25204 0.156949 -0.211609 -0.0635515 0.750174 -0.684502 0.446347 0.910361 0.198089 -0.61531 0.998756 -0.753936 0.752687 -0.705138 0.974026 0.576038 -0.266872 -0.886897 -0.0461214 0.791069 -0.798396 
-0.539936 -0.626755 -0.593889 -0.172239 0.678458 0.788627 0.0575034 0.0797608 0.667429 0.503758 0.827721 -0.175622 -0.70785 -0.23583 -0.425448 -0.392352 -0.789484 -0.515086 0.805736 -0.404793 -0.516331 -0.9482 -0.652106 -0.221469 -0.974174 0.923932 0.511659 -0.861071 
-0.122189 0.302728 -0.659467 0.337875 0.675973 -0.253356 -0.834364 0.354431 -0.464729 0.22314 -0.565808 -0.797299 -0.273102 -0.738087 0.0270786 0.0190474 0.0260823 0.601631 0.626695 0.236599 -0.913455 0.432431 0.831805 -0.429786 0.484231 -0.820301 0.348745 0.510057 
-0.896369 -0.139596 0.648986 -0.0185578 -0.836867 0.989519 -0.680683 0.839106 -0.263837 -0.515047 0.193537 0.271434 0.708093 0.627729 0.474135 -0.565009 0.889642 -0.498786 0.454038 -0.0842757 -0.897156 0.0807332 -0.847677 -0.810611 -0.486835 0.984128 -0.240397 0.997396 
-0.836173 -0.891652 0.507453 -0.732541 -0.0312476 0.156439 0.248901 0.131885 0.145958 0.568218 -0.0290085 0.882122 -0.946829 -0.835471 0.153556 0.761264 0.792258 -0.372309 -0.803745 0.6819 0.128904 0.650293 -0.402376 0.231749 -0.268974 -0.250053 0.421138 0.244191 
-0.265925 -0.819259 0.241587 -0.102098 -0.710911 -0.25096 0.165361 0.257841 0.90548 -0.585738 -0.610273 0.0514378 0.98248 0.360718 -0.0664406 -0.964349 0.525247 -0.912885 0.796915 0.317505 -0.285194 0.99317 -0.000595605 0.843711 0.643463 0.597028 0.0754597 -0.62551 
-0.653025 -0.503402 0.618681 0.0810501 -0.322661 -0.139732 0.978952 -0.0335723 0.609308 0.144313 -0.775731 0.514788 0.558575 -0.386004 -0.433774 0.541055 0.974714 0.499785 0.576706 0.499961 0.586901 0.373621 -0.182534 -0.698293 0.366791 0.81687 -0.854582 0.0102542 
0.413898 0.220877 0.384744 0.760874 0.717475 0.00342501 -0.158076 -0.605186 0.863693 -0.179124 0.361241 0.473002 0.965189 0.58551 -0.0122104 0.523764 -0.800494 0.554015 0.0648188 -0.82578 0.0538006 -0.358476 0.674181 -0.359299 -0.984855 -0.508353 -0.057592 0.381936 
-0.691483 0.0878255 -0.60781 0.722416 -0.691297 0.776934 0.483289 -0.973822 -0.219641 -0.674787 -0.579009 -0.355948 0.146089 0.782232 -0.882946 0.111278 0.367743 0.104843 -0.364958 0.567249 -0.341141 0.699861 0.741469 0.712659 -0.658615 0.415651 -0.64664 -0.64347 
0.907298 0.295768 0.738466 -0.784185 -0.616406 -0.869344 0.938231 -0.307704 0.90759 0.42152 -0.281526 -0.312051 0.746733 0.139465 0.332001 -0.107178 -0.0783023 0.449054 -0.9959 -0.71056 -0.446103 -0.360858 0.856689 0.212756 -0.660997 0.598159 -0.074585 -0.319611 
0.0138093 0.278775 0.0369189 -0.0788928 -0.425457 -0.224615 0.136922 -0.0418629 -0.0939593 0.075153 0.650434 -0.18637 -0.503327 -0.631092 0.501579 -0.756594 0.508373 -0.16642 0.136228 -0.569929 -0.717366 0.140329 -0.280489 -0.163469 0.779471 -0.4238 -0.950713 -0.881526 
-0.825641 -0.0252977 -0.201137 0.188168 -0.746522 0.835782 -0.890724 -0.171979 -0.388833 0.246198 0.786158 0.517208 -0.678649 0.436592 -0.669162 -0.181976 0.805499 0.832417 0.06143 0.313872 -0.334003 -0.802342 0.743943 -0.0513693 0.337987 -0.536546 0.785162 0.117458 
0.0396546 0.834449 0.235932 0.214014 -0.190848 -0.965204 -0.597818 0.0626293 0.870577 -0.488542 0.89065 -0.518256 0.757655 0.676808 0.998952 -0.920994 0.1134 -0.67021 -0.10297 -0.0811008 -0.837793 0.95846 -0.767228 -0.171797 -0.843882 0.976715 0.776834 0.494105 
-0.559831 0.561996 -0.388437 0.479823 0.396446 0.847496 -0.306163 -0.794403 0.882291 0.0960191 0.268227 0.752869 0.607477 0.158877 -0.765387 0.365132 -0.164315 -0.766435 0.444138 0.949085 -0.436645 -0.658832 -0.132016 -0.274439 -0.700372 0.100756 0.553765 -0.544253 
0.0774704 0.330599 0.949852 0.517639 -0.107405 -0.438585 -0.0025374 -0.710959 -0.591089 0.6913 -0.505362 -0.708798 -0.212681 0.762865 -0.955929 -0.605205 -0.0782579 -0.721316 0.759927 0.757427 -0.487751 0.204066 0.706512 0.075604 0.545234 -0.425504 0.801165 0.844862 

0.35493 -0.247277 -0.74954 0.578125 0.267824 0.867166 0.220787 -0.040876 -0.638196 0.511989 0.746443 -0.875331 0.556061 -0.858762 0.0464114 0.834745 0.901165 -0.196161 -0.653006 0.105231 -0.489649 0.422598 -0.349535 0.0848471 0.223764 -0.504673 -0.239901 -0.421306 
0.512822 0.0463956 -0.157652 0.0510078 0.0790581 -0.989868 0.0713175 -0.408953 0.756574 0.195987 -0.852892 0.897812 -0.757602 0.981853 0.798978 0.0462367 -0.671153 -0.0957911 0.556587 0.751446 0.554674 -0.358565 -0.0247902 -0.95 0.401534 0.553904 -0.154064 -0.0856445 
0.892331 0.660475 0.748547 -0.170339 0.441306 0.420708 0.515253 -0.362707 0.567816 0.413065 -0.120309 0.549669 0.212043 0.925928 0.878516 -0.883748 0.482515 0.629962 0.670926 -0.87605 -0.394828 0.720926 0.525483 -0.840924 -0.433138 -0.560161 -0.0227969 -0.540807 
-0.362322 -0.114076 0.0394562 -0.551027 -0.840144 0.0862654 -0.97202 0.572922 0.965956 0.577649 -0.215035 0.891884 0.456165 -0.098783 0.374399 0.0861278 -0.427857 0.498348 0.6913 -0.706931 0.0238318 0.850376 -0.140069 0.463671 -0.172421 0.319124 -0.398952 0.465257 
0.486973 -0.431624 -0.0781038 -0.708568 0.0565203 0.864354 0.974118 -0.365831 -0.350682 0.866002 -0.909665 0.550535 0.240401 0.176463 -0.877322 -0.261251 -0.132238 -0.584253 0.762581 -0.281862 0.275679 0.226251 0.545717 -0.405197 0.8273 0.0109738 -0.876277 0.314272 
0.483897 -0.307901 0.445848 -0.594206 0.720639 0.73728 -0.586045 -0.222841 0.601634 -0.611927 0.411328 -0.749048 -0.745925 0.501663 0.801487 0.494475 -0.321874 0.924166 -0.766776 0.545888 -0.660087 0.995805 -0.735974 0.615592 0.222056 0.809743 -0.789605 0.0493559 
-0.179283 -0.665883 -0.636372 -0.695386 0.0262158 0.809476 -0.289592 -0.253145 0.546756 0.124363 0.524014 0.14839 0.512436 -0.0646579 0.399342 0.76651 -0.562995 0.200829 0.260985 0.115131 0.124995 0.494209 -0.338981 0.464909 0.490014 -0.0749551 0.0805003 -0.28793 
-0.265212 0.290895 0.761426 0.555504 0.625012 -0.874945 0.860119 -0.348772 0.934531 -0.429474 0.398082 0.481287 0.694889 -0.0779039 -0.370323 0.207324 0.857438 -0.970981 -0.0261657 -0.705557 0.229849 -0.765181 0.409574 -0.645156 0.729029 -0.929407 0.819753 0.219043 
-0.00436206 -0.099747 0.931113 0.730426 -0.808852 0.69254 0.28593 0.81616 0.817594 0.146049 -0.532612 0.752125 0.716575 0.86547 0.233413 0.411463 -0.212434 0.86309 -0.381212 -0.354996 0.892109 0.592622 -0.0605524 0.121958 0.827441 -0.650978 0.476803 0.55647 
-0.580385 0.296555 -0.224487 0.415253 -0.803192 -0.293374 0.145679 -0.612044 -0.600835 -0.568391 -0.795884 -0.783241 0.577657 -0.328496 0.968884 0.294232 -0.463026 0.202297 -0.294304 0.32454 0.065387 0.324483 0.969544 -0.0425036 -0.0828946 -0.091008 -0.920545 -0.255453 
0.258014 0.556257 -0.698983 0.677629 -0.147187 0.0765292 0.0928815 0.0496207 0.783155 -0.76144 0.437577 -0.81768 -0.329831 0.641693 -0.60092 -0.752174 -0.686803 -0.632036 0.542058 -0.14983 0.570261 -0.752246 -0.825289 -0.364352 0.572237 -0.855745 0.593144 -0.510657 
0.0532468 0.672599 0.233889 -0.688739 0.228856 0.534906 0.988889 -0.918331 -0.388565 0.0817708 0.13129 -0.60541 0.320331 -0.431133 -0.42309 0.9905 -0.789441 -0.0240103 -0.761674 -0.476244 0.343954 0.780384 0.373927 -0.0857851 -0.971862 0.548637 0.549863 0.600375 
0.692892 0.143007 -0.910282 -0.253861 -0.184393 0.323607 0.0573993 -0.955537 -0.141487 0.0462886 -0.873868 0.469948 -0.871941 0.257422 0.864538 0.44839 0.826288 -0.558552 0.43889 -0.963152 0.417438 0.677215 -0.439396 -0.238609 0.457599 0.934531 0.675606 0.485737 
0.483168 0.225469 0.0861119 0.17606 -0.631523 0.175829 0.922198 0.184083 -0.500564 -0.0204023 0.228546 0.357949 -0.974114 0.354678 -0.172103 -0.846054 -0.3879 -0.307566 0.602336 -0.561611 0.133882 0.0412255 -0.524763 -0.44868 -0.281559 0.0358406 0.312711 -0.82396 
-0.0296287 -0.0116827 0.661777 -0.546461 -0.786213 -0.252111 0.629599 -0.417737 0.923718 0.551797 0.766346 -0.576846 -0.468605 -0.00510723 0.781103 -0.442719 -0.650429 -0.391 -0.288773 -0.0383286 0.301434 -0.686437 0.40006 -0.564684 0.354788 0.875297 -0.0133641 -0.926771 
-0.0888627 -0.700653 -0.750731 0.881509 0.287664 0.911046 -0.664952 0.501451 -0.341065 0.964646 -0.916286 -0.417347 0.516443 0.85006 0.00580766 -0.952162 -0.155047 -0.213089 -0.39488 0.194524 0.395911 0.316346 -0.843804 -0.302655 0.629909 0.556256 0.132661 -0.0153028 
0.431553 -0.880703 0.0579262 -0.65731 -0.581356 0.307195 -0.775802 0.706308 0.218241 -0.440754 0.207759 0.877176 -0.476108 0.291473 -0.540171 -0.959664 0.141534 0.465637 -0.911826 0.986487 -0.747452 -0.306706 0.181011 0.648459 -0.99036 0.337207 -0.654196 0.639549 
-0.106537 0.478465 -0.375754 -0.674985 0.597762 0.682173 -0.332295 -0.983594 -0.0106322 -0.108096 0.722715 -0.792391 0.45115 -0.0695262 -0.915215 0.975042 -0.778053 -0.455386 -0.984622 0.36348 -0.989749 -0.896448 0.349967 -0.737201 -0.203155 -0.469022 0.911258 -0.193514 
0.868185 -0.742938 -0.553965 -0.238352 0.735527 0.0702812 0.0866633 0.333289 -0.247546 0.754368 0.349695 0.741822 -0.353728 0.0724098 0.949431 -0.902579 -0.997116 -0.965784 -0.927537 -0.775169 -0.42117 -0.912159 0.588311 -0.410919 -0.808607 -0.0617218 -0.14812 -0.0117618 
0.469257 -0.236862 0.794724 0.337442 0.0201993 -0.759241 -0.90091 -0.244274 0.31104 0.185753 -0.910985 -0.936506 -0.0598786 0.43871 0.805315 0.586393 -0.48888 0.754746 0.683815 -0.485997 0.788962 0.756278 -0.261166 -0.632209 0.844119 -0.672855 -0.0431276 -0.964488 
0.265423 0.808752 0.0237501 -0.26532 -0.42811 -0.181526 -0.927879 0.592089 0.0592326 -0.828789 -0.652185 -0.629727 0.356964 -0.56317 -0.566234 -0.702914 0.87554 -0.760918 0.883479 -0.61334 0.993828 0.567294 -0.0993369 0.782789 0.323572 0.639497 -0.849419 0.167691 
0.966642 0.107453 0.203203 0.232065 -0.0837947 -0.773047 0.966745 0.488095 0.0454269 -0.961134 0.0801845 -0.895341 -0.789923 0.428 -0.525068 0.567041 0.86483 -0.0913017 0.864127 0.74037 0.14778 0.747606 -0.872971 0.141608 0.314899 0.0276924 -0.0756031 -0.361529 
-0.332811 0.0749776 0.806162 -0.366169 -0.817569 0.00936503 0.865897 0.098636 0.236318 0.832641 -0.413269 -0.718255 0.871507 0.666916 -0.613596 -0.918416 0.0949155 -0.138664 0.648626 -0.0402549 0.770034 0.512752 -0.299885 -0.0821856 0.260358 -0.172856 -0.940578 -0.424743 
0.854836 -0.016181 0.213729 -0.477974 -0.941203 0.0198907 0.155857 -0.758773 -0.970744 0.0217539 0.339863 0.265574 -0.145605 0.926595 0.547318 -0.274098 0.59351 0.933723 -0.192513 -0.311574 -0.204941 -0.543887 0.648171 -0.434907 0.968865 -0.651714 0.482908 0.229223 
0.17543 0.54233 0.80448 0.030266 -0.473851 0.0182087 0.552292 -0.415054 -0.961901 -0.291851 -0.173827 -0.932645 0.729903 -0.833964 0.332929 -0.415702 -0.907369 -0.119753 0.310201 0.686141 -0.18603 -0.882312 -0.625433 0.609029 -0.4262 -0.977262 -0.825877 -0.457335 
-0.628976 0.65703 0.771888 0.546453 0.19936 0.576368 -0.423281 0.725509 -0.405423 -0.870989 -0.689545 -0.367323 -0.16284 0.136628 -0.299968 -0.432936 0.302664 -0.967039 0.151362 0.395295 -0.0867921 -0.538437 0.0814362 0.727178 -0.42075 0.456003 0.336207 0.15305 
0.478741 0.51033 0.695716 0.849765 0.16736 0.467604 0.396219 -0.633279 0.0439722 0.972938 -0.90777 0.638549 -0.898051 -0.597315 -0.728774 -0.0608903 0.539313 -0.0287424 0.506173 -0.158023 0.00421818 -0.342465 -0.762728 0.917426 0.119098 0.318708 0.644604 0.698348 
-0.225288 -0.0191887 -0.148602 -0.746547 -0.508859 -0.452886 -0.896782 0.658501 -0.985283 0.499437 -0.974778 0.0586896 0.472375 -0.882548 -0.302761 0.574324 -0.479863 -0.0315352 -0.486566 -0.94055 0.939722 -0.980393 -0.0985728 -0.0560595 -0.322858 0.138699 -0.138633 0.796239 

-0.494029 0.23212 -0.654015 0.977923 0.588791 0.636424 -0.0921836 0.0882279 0.661646 0.966506 -0.439397 0.779098 -0.336255 -0.865073 -0.700766 0.63221 -0.35164 -0.641316 0.571932 -0.332033 0.260112 -0.484127 0.345109 -0.601189 0.377239 0.141349 -0.143781 0.88321 
-0.911662 -0.0180789 0.347915 0.162702 -0.217164 -0.74907 -0.354015 -0.250657 -0.188467 -0.574917 0.413088 -0.0535405 -0.275682 0.0452973 0.59482 0.0830019 -0.382771 -0.737213 -0.656886 0.133102 0.607896 -0.258076 -0.489659 -0.250755 0.598143 -0.606449 0.385181 0.686482 
-0.632898 0.111459 -0.576905 0.0249585 -0.258216 0.774301 0.485559 0.166867 0.187389 -0.567982 0.891184 -0.767314 -0.973162 -0.0258139 -0.150085 -0.710375 0.3173 0.983017 0.897521 -0.940776 -0.506642 -0.353234 0.657368 -0.11309 -0.968053 0.343849 -0.349547 -0.600951 
0.761912 0.0273379 0.66613 -0.400506 0.186922 0.766361 -0.372181 0.61894 0.657545 -0.139495 0.645778 -0.368269 0.71042 0.935403 0.949031 0.693437 0.832924 -0.991745 -0.813204 -0.520309 0.665622 0.0737057 -0.488362 0.0094716 0.724159 -0.0893133 0.613714 0.486071 
-0.358948 0.217987 0.943275 0.529338 0.286237 0.148278 0.36718 -0.853258 -0.205944 0.998911 0.857162 -0.270541 0.947942 0.5506 -0.437617 0.956197 0.737396 0.0420736 0.621819 -0.188899 0.553711 -0.368709 -0.46474 -0.535602 -0.754995 -0.978669 -0.983744 -0.113943 
0.365113 0.234243 0.228472 0.308388 0.892661 -0.24219 0.0180234 0.178898 0.906087 -0.614796 0.32564 -0.299857 -0.615885 0.182802 0.429602 -0.667943 -0.266598 0.991985 -0.711746 -0.529202 0.0340583 0.910073 0.2819 -0.41223 -0.458637 0.81716 0.0521676 -0.213632 
0.838491 0.0684234 0.672425 0.203604 -0.697334 -0.0991032 -0.488008 -0.804673 0.658707 0.530015 0.374225 0.564794 0.915219 -0.300134 -0.735063 -0.700666 0.882668 0.694539 -0.368608 -0.38393 0.686523 -0.0803542 0.0868685 -0.279418 -0.170281 -0.631232 0.308351 0.371082 
-0.814072 -0.639481 -0.84255 -0.97558 0.428942 0.829875 0.228024 0.731609 -0.269228 0.740015 0.926936 -0.610522 0.270031 0.301162 0.954272 0.18525 -0.998973 -0.780791 0.484584 0.883695 0.913748 -0.884024 -0.500234 0.600271 0.0356219 0.586634 -0.679147 0.865341 
0.955402 0.629204 0.236423 -0.858669 0.989723 0.393873 -0.83425 0.418665 0.223748 0.393774 0.150274 0.95452 0.133789 0.07721 -0.656002 -0.59618 -0.621628 -0.70173 0.58907 -0.620601 -0.482521 0.0736543 -0.736906 -0.568773 0.18963 -0.23714 -0.968502 -0.774748 
-0.650506 -0.647649 -0.909407 -0.695104 0.981555 0.327016 -0.553773 0.971278 -0.279111 -0.388023 0.389944 0.944637 -0.994249 -0.459782 0.899157 0.13954 0.617428 -0.756845 0.54336 0.995799 -0.458575 0.13243 -0.624802 0.0589042 -0.793916 -0.361708 0.490131 0.395715 
0.401152 0.52163 0.620967 0.750646 0.873981 0.71156 -0.944458 0.855537 0.0385755 -0.498231 0.826815 0.759464 0.113746 0.216759 0.704101 0.119497 0.756976 0.603257 -0.740963 0.374404 0.846412 0.802397 0.370203 -0.612163 -0.0651732 0.745401 0.446741 0.140911 
-0.616307 -0.0631276 -0.463374 0.784845 -0.541498 -0.842408 0.535491 -0.667517 0.869152 0.591033 -0.81198 -0.0922723 -0.907198 -0.985165 -0.332808 0.206548 0.231593 -0.628707 -0.673955 -0.0114303 0.97455 -0.414918 -0.637026 0.820962 -0.612521 0.733177 -0.791201 0.322306 
0.478578 0.65554 -0.536783 0.862271 -0.407587 -0.000157674 0.647116 0.0509147 0.157435 0.182607 0.383398 0.0265871 -0.22636 0.571418 0.934315 -0.133558 0.586252 -0.398493 -0.92701 -0.182154 -0.0272004 -0.600965 0.806415 -0.0526502 -0.0158827 -0.830611 -0.231688 0.371596 
0.902566 -0.0228889 -0.306098 0.381143 -0.367349 0.157119 0.243414 0.225064 -0.843039 -0.10947 -0.724022 0.314396 -0.926864 0.659376 -0.659017 -0.153224 0.230794 -0.724702 0.713218 -0.182954 -0.123196 0.786208 0.634892 0.849604 -0.814757 0.441307 -0.203046 0.169361 
0.610696 0.565266 -0.459043 0.513262 -0.457623 0.234859 -0.105595 0.175028 -0.608022 -0.862181 -0.599908 -0.451061 0.0283491 -0.32393 0.863334 0.101485 -0.664553 -0.795683 0.948262 0.566241 -0.520385 0.66148 -0.616713 0.356419 0.447688 -0.981821 0.206023 0.632931 
0.459486 -0.997023 -0.197708 0.0701823 0.568243 0.343249 -0.416556 -0.88938 -0.421892 0.47785 0.285648 -0.0299145 0.615669 0.68574 0.519024 -0.355982 -0.63819 0.382359 0.745503 -0.302743 0.586676 0.693765 -0.736502 -0.933709 0.355245 -0.353216 0.42271 -0.197067 
-0.335037 -0.371266 -0.564136 -0.875551 -0.368289 0.238156 0.194631 -0.800046 -0.418595 0.778076 -0.689426 0.159513 0.255925 0.596222 -0.870402 -0.128406 0.281962 0.648622 0.515612 0.643772 0.0309808 0.261116 -0.658971 -0.382343 -0.0451195 -0.395473 -0.316052 -0.689875 
0.251312 -0.893342 0.113058 0.916275 -0.264608 0.548921 -0.959276 0.367103 -0.212923 0.235355 0.567057 0.368482 0.0134308 0.877631 -0.472005 -0.730644 0.473853 -0.342407 0.14095 -0.244185 -0.693785 -0.343438 -0.600412 0.337196 0.917678 -0.259383 0.954853 -0.127442 
0.345145 -0.3612 0.182684 -0.403544 -0.254542 -0.704259 -0.487269 0.48085 0.844663 -0.446546 -0.152046 -0.36826 0.788809 -0.584989 -0.999778 -0.19776 -0.707358 -0.471783 0.0715964 0.766496 0.18581 -0.787453 -0.477689 0.492025 -0.130891 -0.0781009 -0.170779 -0.213213 
0.662517 -0.215927 0.659345 0.007661 0.422873 -0.157971 0.604117 -0.831668 0.13777 -0.883152 0.649182 -0.0175668 -0.329698 -0.502864 0.614173 -0.540889 -0.0878532 0.614396 0.261352 0.204789 -0.857388 -0.667052 -0.0287151 0.328422 -0.454505 0.493596 -0.179553 0.414604 
-0.584505 0.649667 -0.79861 -0.921988 -0.566259 0.860736 0.0856727 0.856614 -0.297235 -0.31021 -0.975054 0.840535 -0.193363 0.674128 -0.177032 0.476939 -0.828736 -0.562858 0.936051 0.0834105 -0.948463 0.197402 -0.7118 -0.80585 0.53035 0.259484 0.522572 -0.924156 
-0.246919 -0.656981 0.490448 0.168576 0.992686 0.691839 0.246587 -0.573573 0.552574 -0.66774 -0.71696 -0.744661 0.0220498 -0.692014 -0.904126 0.828687 0.982114 -0.0811574 0.305626 -0.846623 0.355984 0.241677 0.236788 0.407521 -0.560921 0.524987 0.601671 0.969429 
-0.215528 0.124243 -0.954727 0.537552 0.467261 0.535721 -0.293872 0.459947 0.22756 0.952716 0.886374 -0.219866 -0.715024 -0.830586 0.0354735 0.307025 -0.5226 0.131348 0.135712 -0.540486 -0.94981 -0.558661 -0.387109 0.406175 0.683016 0.849679 -0.186304 -0.877905 
0.374667 -0.584633 -0.908476 -0.840861 0.53961 -0.863203 0.696691 0.00687073 0.672518 -0.597181 -0.533182 -0.0999218 -0.644465 -0.646808 0.680212 -0.35949 -0.477394 -0.284314 0.947536 6.47688e-06 0.847034 0.0832483 0.459521 0.897224 0.524587 -0.927588 0.303399 0.207603 
0.922091 -0.882905 0.329697 0.296758 -0.467538 0.421221 0.455897 -0.927929 0.558018 0.152588 0.0789421 0.230536 0.555408 0.54576 -0.869386 0.910943 0.898952 0.810827 -0.448547 -0.578442 -0.473487 -0.501011 0.421565 -0.626453 0.582237 -0.118915 -0.729229 0.106824 
-0.0465027 0.57417 -0.685573 -0.124411 0.691265 0.644124 -0.827653 -0.776273 0.0653452 0.628244 -0.704202 -0.376637 -0.219168 0.37474 0.853899 -0.66376 -0.0794998 0.984513 -0.752818 -0.180548 0.79534 -0.201365 0.24101 -0.678147 0.297624 -0.337425 -0.304601 -0.120139 
0.54366 -0.0338298 0.986685 -0.502843 -0.45966 -0.698888 0.372746 -0.768395 0.945237 0.545093 -0.544669 0.0105817 0.173337 -0.248871 0.633945 0.954169 -0.874131 0.487844 -0.709591 0.0463692 0.472357 -0.462409 0.865821 0.267697 0.336226 0.106832 0.58955 -0.366149 
0.769407 -0.715051 0.513712 0.313067 0.25112 0.500397 0.810224 0.79146 0.80151 0.18297 -0.976936 0.746746 -0.271937 -0.521605 -0.242672 0.9014 0.229524 -0.608727 0.855569 0.355393 0.879116 -0.854022 -0.598237 0.351473 -0.316431 -0.732416 -0.38083 -0.980205 

-0.79128 0.143822 -0.832642 0.744789 -0.732887 0.536249 0.469264 0.450083 0.559313 0.21601 -0.821854 -0.962291 0.973338 -0.920454 0.267233 -0.635389 0.935115 -0.377374 -0.756273 -0.918907 0.0243891 0.5952 -0.235338 0.291973 -0.785629 -0.215543 -0.333611 -0.576909 
0.810211 0.605461 -0.33845 -0.465787 -0.25752 0.984297 0.757113 0.95849 -0.837557 0.794821 0.931829 -0.758011 0.0620542 -0.703561 -0.822896 0.684681 -0.459833 -0.741803 -0.29093 -0.864633 0.0228593 -0.998957 -0.650263 0.807317 -0.332568 -0.227171 0.24542 -0.522357 
-0.149119 -0.64886 0.278957 -0.133424 -0.693948 -0.174933 0.425696 -0.899127 -0.243105 0.667685 0.162927 0.0533348 0.84479 -0.152392 0.593501 -0.897013 0.556677 0.728868 0.125846 0.55772 -0.921394 -0.066837 -0.774848 -0.148566 -0.821417 -0.297205 -0.458976 0.0294635 
-0.107837 -0.273504 -0.979864 0.747154 0.415445 0.848028 0.602098 0.0831308 0.0109547 -0.344567 -0.0720795 0.858563 -0.751066 0.0309075 0.41524 0.977802 -0.843246 -0.0270396 -0.943592 0.0899169 0.198113 -0.0921581 0.2685 0.900908 0.448866 -0.702037 0.348447 -0.658971 
-0.925058 0.471659 0.529286 0.480136 0.918959 -0.436733 -0.611732 -0.425608 0.491188 -0.753169 -0.176674 -0.477905 0.662071 -0.198872 -0.321151 -0.364969 -0.142464 0.768766 0.833144 0.765378 0.0372657 0.734052 0.214243 0.335229 0.0824984 0.555272 -0.213248 0.15744 
0.337404 -0.741589 0.222132 -0.13331 -0.424728 -0.297732 -0.755996 -0.505768 0.265535 -0.367728 0.0686237 -0.243277 -0.120897 0.89195 0.278818 -0.458826 -0.306922 0.957667 0.176206 0.550614 0.726433 0.00934954 0.315992 -0.236301 -0.256599 -0.469764 -0.901072 0.8259 
-0.914492 -0.114321 -0.0166598 0.422912 0.14409 -0.794528 -0.710397 0.719362 -0.0922602 -0.466393 -0.786406 -0.826725 0.165879 0.282218 -0.0700018 -0.955018 0.174168 -0.791184 -0.413844 0.867246 -0.833516 0.762362 0.41786 0.892917 -0.228288 -0.266147 -0.343384 0.515113 
0.264088 -0.244456 0.341013 0.349597 0.641223 -0.675647 -0.227491 -0.214687 -0.470175 0.0621118 -0.495325 0.437564 0.595718 -0.281731 0.61084 -0.238403 -0.999513 -0.459162 -0.19342 0.174654 -0.250346 0.392736 0.0419001 -0.0838622 0.155098 -0.54024 -0.190945 0.92681 
0.193613 0.465671 0.441923 -0.542299 -0.778786 -0.217065 0.807298 0.862437 0.107288 -0.420193 -0.35225 0.637113 0.641919 0.152426 0.0746771 0.237637 0.870695 -0.314483 0.999235 0.871182 0.226354 -0.194186 0.0458362 0.976008 -0.80145 -0.912264 -0.107854 0.353648 
-0.452503 0.701201 0.280458 0.741109 0.166871 -0.277619 -0.801189 0.388086 0.505316 -0.993891 0.250523 -0.387396 -0.414084 0.898273 -0.750283 -0.772165 0.0506993 0.324394 0.465472 -0.0786056 -0.990089 0.464707 -0.207424 0.236265 -0.729479 0.838413 0.212273 -0.530929 
0.926149 -0.89558 0.822719 -0.526355 0.80562 0.103177 -0.785245 -0.0275081 0.825558 -0.586434 -0.639422 0.330875 -0.580326 0.6111 0.943479 0.00559019 0.509374 -0.806804 0.233425 -0.439927 0.517591 -0.301103 0.481468 0.527501 -0.836397 -0.725956 -0.236234 -0.565876 
-0.887543 0.97604 -0.096805 -0.961395 -0.919541 -0.274086 -0.487749 0.88608 0.829092 -0.272994 -0.141428 0.65465 0.140572 0.219149 -0.0144751 0.560246 -0.16975 -0.0709959 -0.434164 -0.660376 0.1222 0.799261 -0.100303 -0.360209 -0.501842 -0.618836 -0.832708 -0.338239 
-0.344792 -0.0689414 0.0958851 -0.232335 -0.0929016 0.99908 -0.19373 -0.0124422 -0.275006 0.318521 -0.126362 -0.445914 -0.954473 0.732209 -0.791264 0.186098 -0.0486416 0.194261 -0.253656 0.781608 -0.876735 0.31218 -0.878768 0.245466 0.111441 0.0209284 0.885257 0.609599 
0.402093 -0.947451 -0.72864 -0.942699 -0.0163926 0.367245 -0.175034 0.890706 0.366325 0.631236 -0.121736 -0.908681 -0.0502427 0.751901 -0.354594 -0.00471581 0.48411 -0.145858 -0.818617 -0.564531 -0.951597 -0.0722731 -0.782923 -0.828331 -0.760093 -0.661692 0.417134 0.351349 
0.359237 0.302391 -0.0390524 -0.238671 0.354939 0.232308 -0.181369 -0.661453 -0.400447 0.643597 -0.770747 0.965878 0.274833 0.107516 -0.942803 -0.77541 -0.140583 -0.297397 0.219874 -0.656472 0.556745 0.401257 -0.221004 0.605148 -0.671016 -0.00392707 0.776817 -0.431109 
0.334381 0.193951 0.92024 -0.306382 -0.503658 -0.118813 0.454947 0.851281 -0.886505 -0.726422 -0.810172 -0.286952 0.917175 -0.580919 -0.321075 0.192007 0.526597 -0.263877 0.416598 -0.613986 0.438726 -0.363528 -0.270458 -0.00452934 -0.962271 0.508538 -0.399381 -0.633287 
-0.495389 -0.622565 -0.0643963 0.838992 0.571386 -0.144157 -0.46739 -0.932272 0.73703 0.987557 0.919009 0.850525 -0.738865 -0.891163 -0.436427 -0.82169 -0.472083 0.242498 0.370318 -0.945486 0.978621 -0.213085 -0.559472 0.417347 0.423387 0.170069 -0.587183 0.461116 
-0.321393 0.0134361 0.827829 0.183218 0.390872 -0.236567 0.0222099 -0.0377422 0.619276 0.55482 0.0299855 0.356306 0.542377 -0.0510057 0.206832 0.803513 0.0578309 0.770404 0.981823 0.585748 0.0129026 0.35214 0.640262 -0.00847643 -0.860944 -0.91921 -0.59113 0.562443 
0.250859 -0.178312 0.0235593 0.929467 0.835124 -0.148612 0.112685 0.225995 0.614821 -0.865106 -0.811747 0.234097 0.689714 0.218238 -0.409596 0.232092 -0.832767 0.797235 0.0356043 0.225064 0.56764 0.0174271 -0.189188 -0.419458 -0.630432 -0.548926 0.572066 -0.491377 
-0.468136 0.980936 -0.928934 0.782723 -0.197376 0.0946258 0.71219 -0.362253 0.946014 -0.175126 0.863743 0.560835 -0.0402315 -0.948004 -0.205068 -0.350517 0.270234 0.385336 0.881574 0.437467 0.182571 -0.0828214 -0.33747 -0.249789 0.934606 0.473342 0.330753 -0.695827 
0.924416 -0.0971808 -0.187203 -0.54372 -0.116245 -0.116137 -0.760997 0.686379 0.978489 0.951192 -0.675873 0.924503 -0.223934 -0.812131 0.485338 0.735835 -0.760135 -0.71973 -0.614682 0.510099 0.665606 -0.733108 -0.0524342 -0.151823 0.184071 0.610096 0.598388 0.118676 
0.0834385 -0.0708588 0.42285 0.00785442 0.83196 -0.764354 0.464134 -0.284284 0.11951 0.703137 -0.597905 0.0979985 0.654329 -0.273779 0.0225014 -0.569605 -0.0859094 -0.49216 -0.83377 0.153955 -0.21189 -0.448453 -0.335946 -0.546284 -0.181561 0.61162 0.301893 -0.99749 
0.221716 -0.0997188 0.121186 -0.694845 0.829422 -0.455964 0.313009 0.661383 -0.220318 -0.222857 -0.622902 0.899192 -0.51972 -0.220807 -0.00280953 -0.865391 0.505415 -0.980308 -0.434997 -0.580495 -0.472469 -0.268767 0.573461 0.315641 0.282781 -0.762485 0.769357 -0.89878 
0.849135 0.0712505 -0.89627 0.0708516 0.971532 0.224916 0.376006 0.800954 0.768952 -0.310984 0.462337 -0.451365 0.466159 0.839435 -0.552173 0.946439 -0.381371 0.445017 -0.918953 -0.875957 0.464709 -0.353949 -0.456451 0.99224 0.377284 -0.882991 0.307882 -0.339935 
-0.645476 0.0772391 -0.238716 -0.796341 -0.85151 -0.134986 0.274511 -0.879979 -0.91007 -0.349483 0.920975 0.858883 0.339533 0.383312 -0.592483 -0.194308 0.222747 -0.144656 -0.247869 0.841376 -0.69964 -0.166822 0.965419 0.765069 0.479229 -0.491032 0.75731 -0.143487 
-0.374023 0.0651915 0.516578 -0.0194987 -0.857569 -0.722138 0.184161 -0.70908 0.142876 -0.541328 -0.589058 0.232807 0.109189 -0.668083 0.0916893 -0.551278 0.715229 0.499206 0.254415 -0.0620233 -0.64545 -0.993455 -0.220647 -0.34509 -0.160276 -0.255228 -0.58002 -0.681047 
0.25374 -0.822711 0.175465 0.879717 0.242481 -0.307957 -0.139782 0.384912 -0.030095 -0.955621 0.675832 -0.887219 -0.496949 -0.913226 0.345588 0.61224 -0.581309 -0.562723 -0.939037 -0.86608 0.936484 0.315377 0.0718967 -0.708966 0.321923 0.851249 -0.0540561 -0.838354 
-0.403979 0.365924 -0.519401 0.849761 0.543213 0.656064 0.729478 -0.214306 -0.651893 -0.410304 -0.829394 0.318012 -0.365925 0.846438 0.430794 0.137126 0.933211 -0.223618 -0.250634 -0.648098 0.213659 -0.189671 -0.514178 0.150143 -0.874294 0.557719 0.441177 0.447629 

-0.61288 -0.99501 -0.910127 0.296257 0.584229 -0.918049 -0.905956 -0.826075 -0.747443 0.412057 -0.191999 -0.901005 -0.15715 0.945127 -0.967794 0.619232 -0.305507 -0.615892 -0.167109 0.504822 -0.13007 0.983034 0.630528 -0.572351 0.424211 0.078157 0.836617 0.811331 
0.841607 -0.222695 -0.139368 0.280587 -0.382713 0.454512 0.19514 -0.970657 -0.737487 0.294135 -0.127806 -0.79236 0.326341 -0.508574 -0.0978669 0.710449 0.324317 -0.593045 -0.419621 0.307351 -0.962516 0.00802797 -0.268438 0.115641 -0.155355 -0.457107 0.803072 -0.313749 
-0.419623 -0.0321002 0.663195 0.720906 0.105623 0.75025 0.38022 -0.600242 -0.377556 0.58786 0.726099 0.113869 -0.510007 0.436548 -0.561814 -0.103052 -0.983073 0.745537 -0.065568 0.0249554 -0.522901 -0.949927 0.8696 0.0199912 0.853145 -0.444148 0.127259 -0.566477 
-0.904841 -0.398344 0.258049 0.111265 0.0995837 0.511023 0.630742 -0.312557 0.237122 -0.255388 0.177436 -0.326329 0.182798 -0.925616 -0.309402 -0.0716651 0.00881631 0.715554 0.405434 0.0588891 0.585154 -0.574575 -0.0879656 -0.858994 0.552684 0.345557 0.0794666 0.647842 
0.681123 -0.859252 -0.235251 -0.49993 -0.220211 0.187514 0.512895 0.524401 -0.63505 -0.813434 -0.292801 -0.560666 -0.122836 0.635534 0.44815 -0.407282 0.0409674 -0.492961 -0.822128 0.466392 0.419074 -0.681123 0.0190758 -0.235369 0.398344 -0.333082 0.64733 0.0794669 
-0.679598 0.788078 -0.520047 0.0851513 -0.0628745 -0.0199763 0.360924 0.716915 -0.832463 -0.126182 0.241316 -0.467513 0.0603841 0.948515 -0.0281792 0.937548 0.584049 -0.580029 -0.469734 -0.374983 -0.0729895 -0.291863 -0.908591 -0.653916 0.0270146 0.110485 0.110715 -0.574641 
0.777403 -0.241955 0.504826 -0.902195 -0.453876 0.984779 0.182956 0.483249 -0.0351973 -0.45612 0.200164 0.13234 0.417698 -0.558519 0.664827 -0.521917 -0.610004 -0.363352 -0.584369 0.974045 0.0566187 -0.0541038 -0.400939 0.983629 0.654033 -0.30953 -0.670286 -0.318952 
0.800955 0.440429 0.106406 0.578357 -0.801526 -0.388768 0.676162 -0.255402 -0.403989 -0.140881 -0.772153 0.560814 0.402999 0.428012 -0.306846 -0.179303 0.869492 -0.64202 0.29878 -0.740512 -0.00537206 0.71441 -0.766467 -0.948753 -0.339694 -0.167406 -0.965124 -0.68566 
0.523064 -0.635411 -0.0046126 0.324019 0.805018 -0.898206 -0.0976235 -0.996508 -0.286974 -0.421461 -0.25191 0.309037 0.437658 -0.0240623 -0.130149 -0.159344 -0.59605 0.563004 0.661353 -0.726558 0.920985 -0.0398674 -0.46707 -0.0843875 -0.325457 -0.233537 -0.0331408 0.334849 
0.599057 0.00173501 0.649189 0.122122 0.366324 -0.355424 -0.553859 0.171342 -0.25363 0.348517 0.174835 0.459396 0.927056 0.922925 -0.231567 0.364714 -0.101138 0.638283 -0.79463 0.302812 0.201287 0.866723 0.576254 0.122272 -0.173144 -0.890816 -0.962115 0.501399 
-0.124353 0.00474372 -0.163752 -0.525296 -0.993521 -0.514564 0.596826 0.372803 0.130012 -0.957033 -0.455855 0.876382 0.391484 0.71898 0.335777 0.31854 0.641905 -0.89579 -0.316746 -0.459233 0.742493 -0.111375 0.843579 -0.0562196 -0.244652 0.419833 -0.933948 0.582204 
0.529017 -0.896063 0.0836022 -0.595336 0.108681 0.91985 -0.120632 0.115159 -0.594714 -0.523806 -0.512038 0.535298 -0.48084 0.0321079 0.411679 0.910645 -0.248912 -0.252543 0.229185 -0.607007 -0.148333 0.912439 -0.0662401 -0.40584 -0.198936 -0.222661 0.53794 0.556412 
-0.802828 0.603992 0.138615 0.726189 0.707929 -0.777783 -0.869148 -0.18339 -0.857933 0.0102203 0.931769 -0.452647 0.486414 -0.580269 -0.917349 -0.994426 0.451839 0.49433 0.916219 -0.797073 -0.758213 0.145404 -0.40408 0.0934536 0.0578432 0.52968 0.687613 0.858907 
-0.692981 0.225553 0.415319 -0.495809 -0.170455 -0.446066 -0.76962 -0.462525 -0.223849 -0.638768 0.354084 -0.0817815 0.371453 0.285853 0.465571 -0.142134 0.705585 0.548222 -0.136559 0.157424 0.0425524 -0.22034 0.360352 0.284339 0.925063 0.956272 -0.622207 -0.0170934 
0.485951 -0.934594 -0.158186 0.79297 0.290959 -0.742868 -0.702839 -0.879495 -0.188934 -0.472459 -0.342021 0.587218 -0.111227 -0.987937 -0.494564 -0.739774 0.297917 0.971008 0.118092 0.0035016 0.51923 0.981533 -0.839074 -0.438218 -0.238807 0.521277 0.846122 -0.313744 
0.477549 -0.776086 0.669163 -0.0364995 -0.710679 -0.489023 -0.243529 0.58028 -0.231891 0.0536323 0.700784 0.579175 0.581173 -0.641237 0.166393 -0.530053 -0.629173 0.671829 -0.269827 0.668743 0.642836 0.848265 -0.327755 0.162066 0.829799 -0.166829 0.723848 -0.409008 
-0.645552 0.56997 0.277248 0.831997 0.793884 -0.0535888 -0.204502 -0.916795 0.457388 0.551969 0.663485 -0.774503 -0.394399 0.364269 0.804672 -0.813226 0.723032 -0.0289348 -0.343279 -0.906141 -0.357106 0.386894 0.762602 -0.714269 0.23516 -0.565153 0.447797 0.0649585 
0.268018 0.171645 0.65595 0.622466 -0.258385 -0.0668016 0.454464 -0.464501 0.87961 -0.750039 -0.381296 0.336997 0.80193 -0.717811 0.562494 -0.592469 0.646458 0.367167 -0.405695 0.36949 -0.661768 0.251027 0.463349 -0.0188738 -0.362079 0.225951 0.266857 0.873081 
0.660798 -0.285346 -0.0619608 -0.0711836 0.886299 -0.406011 -0.448717 -0.372086 0.527188 -0.994253 0.163413 0.406797 -0.744292 0.782117 -0.256205 -0.942362 -0.935695 -0.693711 -0.534831 0.710763 0.673456 0.0594743 0.0802527 -0.988312 -0.689499 -0.456399 -0.00718565 -0.0515781 
0.769552 -0.740329 -0.178497 0.430351 -0.0256752 0.759542 -0.640833 -0.139376 -0.646469 -0.0895501 0.488537 0.880719 -0.0838035 -0.34805 0.287516 0.171905 -0.565933 -0.968689 0.229543 -0.501628 -0.6624 0.694712 -0.790865 -0.988944 -0.245814 0.289388 -0.977256 0.0646869 
0.832989 0.0155586 -0.986891 0.602541 0.27523 -0.165389 0.032892 -0.750445 -0.405847 0.392059 0.110178 -0.0523157 -0.697491 -0.401285 -0.171597 0.218706 0.250665 -0.884081 -0.60939 0.684732 -0.85277 0.620153 -0.816896 -0.51517 0.314864 -0.607761 -0.504114 -0.93095 
0.681626 -0.481369 0.133737 0.514615 0.534189 0.146846 0.117157 -0.190581 0.981457 -0.849951 0.0589735 -0.42439 0.542108 -0.830848 0.523295 0.844617 -0.232133 -0.648302 0.0633225 -0.981468 -0.532383 0.453933 0.703264 -0.385153 0.0740853 0.886368 0.0996774 -0.61105 
-0.721394 0.595564 -0.542 0.960233 -0.885806 0.591737 0.474848 0.648383 -0.261417 -0.407995 -0.542198 -0.27996 -0.257946 0.516776 0.29565 -0.715838 0.685928 -0.181055 -0.871221 -0.546205 0.170643 0.192101 -0.527673 0.63826 -0.353966 -0.824409 -0.746893 0.720119 
-0.938042 0.352784 -0.890932 -0.659436 -0.0516522 -0.432932 -0.699203 0.0625421 -0.841195 0.775645 -0.289074 -0.102612 -0.63235 0.168728 0.617428 0.109704 -0.314496 -0.0869223 0.393866 -0.628569 0.732023 0.522644 -0.174774 -0.0973349 -0.285255 0.297553 -0.459075 0.360779 
0.473143 -0.205969 0.080898 0.535101 -0.853185 0.189966 0.875666 0.0951633 0.757035 -0.823537 -0.842295 0.91584 0.952108 -0.131369 -0.186773 -0.680241 -0.962641 -0.569345 0.429463 -0.277137 0.343733 -0.176672 0.0942942 0.075755 -0.654027 0.91952 0.97842 0.060718 
0.217073 -0.480655 -0.578503 -0.309784 0.313376 0.502395 -0.774682 0.460192 -0.307638 -0.899016 -0.444645 -0.550604 -0.722553 -0.28694 -0.634764 -0.770445 0.581691 0.178463 -0.450686 0.61905 0.609118 0.978776 -0.658087 -0.0471495 -0.197896 0.436207 -0.971395 0.148077 
0.355728 -0.992974 -0.791205 -0.427199 -0.47363 -0.369708 0.263017 0.839746 -0.867313 0.488335 0.299938 -0.174951 0.589318 0.855293 0.274445 0.866765 -0.431647 0.639681 -0.90368 -0.849955 -0.181856 -0.354367 0.769095 -0.572738 -0.37559 -0.888992 0.380112 0.426514 
0.547215 0.408718 -0.425409 -0.0970572 0.415743 -0.216614 0.475743 0.942114 0.413678 -0.26124 0.78186 0.546366 -0.772905 0.0817983 -0.628586 0.816413 -0.0629088 0.645859 0.683178 0.505444 0.28554 0.779498 0.655489 -0.896316 -0.574869 0.424584 -0.469054 0.0495411 

0.911058 0.0828071 0.0506464 -0.264481 0.461493 -0.322367 0.247711 -0.799746 -0.540507 -0.205923 -0.572652 0.541291 0.165491 -0.756238 -0.521618 -0.18865 0.92694 0.983827 -0.90311 0.706438 0.639316 -0.799426 -0.868431 0.0638996 -0.26848 0.18111 -0.400509 -0.357422 
0.682298 -0.292188 -0.302128 0.129542 0.789556 0.329795 0.834998 -0.416367 0.757144 0.376289 0.749124 -0.999095 0.854671 -0.439526 0.927845 0.838498 -0.342635 0.634283 0.477814 -0.142061 0.765852 -0.458286 0.589459 -0.0530379 0.141205 -0.767964 -0.395873 -0.176497 
0.311939 -0.107738 0.621094 0.64334 -0.897236 -0.773028 -0.291967 0.479053 0.976096 -0.291062 0.333725 -0.46343 -0.363217 0.172223 0.193935 -0.728934 -0.349963 -0.948126 -0.963082 0.191751 0.641332 -0.0161199 -0.667044 0.873368 0.588008 0.156459 -0.932242 -0.100053 
-0.0399806 0.269104 -0.60293 0.33055 -0.0719739 -0.190396 -0.399862 0.636964 -0.856671 0.136708 -0.726252 0.315552 -0.669357 -0.455186 0.965589 -0.617483 -0.418268 0.157339 -0.976151 0.565612 0.490295 0.897217 0.15362 -0.353246 0.964975 -0.946434 -0.705235 -0.0750056 
0.563869 0.204367 0.483331 -0.288111 -0.571452 -0.651147 -0.563737 0.565257 -0.377399 0.751815 0.8959 0.167415 0.717404 -0.721583 0.749146 -0.125257 -0.697735 0.314758 -0.634962 -0.800517 -0.531622 0.0117916 -0.835542 -0.478056 0.306556 0.0894522 0.329241 -0.129575 
0.242233 -0.466391 -0.345712 -0.274437 -0.637982 0.366177 0.0184978 -0.209434 0.71503 0.454761 -0.644177 -0.66237 0.206576 -0.748277 0.505045 -0.0760204 -0.469861 0.254191 0.798723 -0.167595 -0.43105 -0.83624 0.0318872 0.0373275 0.175552 0.196345 0.559272 -0.517892 
-0.714203 -0.111487 0.352534 0.52803 0.422122 -0.993178 -0.746407 0.78414 0.372998 0.272091 -0.425294 0.0880281 -0.273148 -0.0694711 0.425658 0.933428 0.182251 -0.0692966 -0.142593 0.71239 -0.815105 -0.34387 -0.455205 -0.246156 -0.18011 0.576682 0.791172 0.995442 
-0.226973 0.350444 -0.522449 0.0588244 -0.761043 0.830084 -0.413146 0.661078 0.836906 -0.159553 0.445218 0.209904 -0.887462 -0.980076 -0.702068 -0.16061 -0.049547 0.723591 -0.227182 -0.867296 -0.345706 0.630226 0.845095 -0.160811 -0.713644 -0.61011 0.593033 0.106246 
0.966572 0.384205 0.101688 -0.260401 -0.265351 0.579239 0.798424 -0.0263944 0.409323 -0.614722 -0.365316 0.246229 0.225725 -0.920098 -0.543867 0.338263 -0.900174 -0.245934 -0.822347 0.0502792 -0.522343 -0.0495288 0.182984 0.131951 -0.419303 0.0280784 0.97114 -0.132948 
0.417968 0.564174 0.973298 0.38454 -0.0516211 0.0749864 -0.875861 0.683028 -0.345775 0.922563 -0.343366 -0.936452 -0.692159 0.291317 0.309777 0.533566 0.371219 0.765911 -0.128171 0.471046 -0.480024 0.0494821 -0.478675 -0.00236693 0.999953 0.704308 -0.870416 -0.41935 
-0.267613 -0.899276 0.447702 -0.849645 0.664898 0.421001 0.534895 -0.386723 -0.504013 0.659035 -0.703695 0.150212 0.581598 -0.047062 0.21376 0.889439 -0.755745 -0.476463 0.423004 0.615475 -0.710552 -0.705167 0.0865203 -0.190576 0.344315 0.607845 0.807057 0.344269 
0.312153 0.936642 0.924919 -0.95546 -0.962634 0.372621 -0.805105 0.702263 -0.206378 0.72979 -0.68446 0.289609 0.388825 -0.388155 -0.560179 -0.0295771 0.564783 0.653581 -0.140138 0.809038 -0.822881 -0.717134 0.424513 -0.533433 -0.422301 -0.488967 0.275991 0.922015 
-0.881122 0.0830485 0.266284 0.431032 0.01969 0.191202 0.475572 0.0570558 -0.436176 0.670467 -0.240681 0.357446 0.400257 0.0748593 -0.352945 -0.210918 0.686704 0.0868754 0.759505 0.251487 -0.259543 -0.380634 0.0605247 -0.0824247 -0.0977677 -0.514962 0.384142 0.479932 
-0.00392906 -0.339867 0.401946 0.114949 0.743182 -0.33177 -0.454019 -0.237128 0.859432 -0.978447 0.819927 -0.576744 0.692019 -0.420753 0.780702 0.0922761 0.654106 -0.572244 0.881358 0.34081 0.514632 0.640863 -0.407704 -0.744912 -0.739771 0.652821 0.172664 0.162462 
-0.862141 -0.443194 -0.357607 0.13393 0.216939 -0.955661 -0.751121 -0.0398799 -0.287431 -0.20514 0.722992 -0.427999 -0.183588 0.542919 -0.00474258 -0.491568 -0.877835 -0.224041 0.600708 0.776271 0.203715 0.482066 0.117081 -0.281653 0.122929 0.709377 -0.026565 0.383158 
0.362198 -0.853901 -0.454381 0.500057 -0.297096 0.188013 -0.366013 0.919843 0.232352 -0.117134 -0.120037 0.944921 0.677726 -0.397046 -0.483077 -0.505862 -0.854127 0.51218 0.00256938 -0.731961 -0.711861 -0.396723 -0.95569 0.491854 -0.914657 0.161391 -0.789799 0.208271 
-0.129232 0.183636 -0.408571 -0.767033 0.329735 0.137049 0.733024 -0.967361 -0.674939 -0.632989 0.952481 0.557413 0.249876 -0.167556 0.502335 -0.0723981 0.435398 -0.980742 0.42174 0.581271 0.531438 -0.575691 0.84931 0.819577 0.0275862 0.89362 0.311431 0.112929 
0.0550109 0.521633 -0.6788 0.925779 -0.294731 -0.0873704 -0.841254 -0.964997 -0.950322 0.89177 -0.932358 -0.62526 -0.74122 -0.979877 0.932153 0.508657 -0.147433 0.434488 -0.563741 -0.712035 0.453746 0.857999 0.869237 -0.0148165 -0.717692 0.718547 -0.195239 0.309894 
0.612167 -0.883808 -0.577177 -0.332822 0.637825 -0.255977 -0.407043 -0.656907 0.656653 -0.248297 -0.621903 0.706331 -0.356527 -0.554261 -0.918929 -0.0977469 -0.534138 -0.986776 -0.58909 0.318429 0.447712 -0.152831 0.606395 -0.0985424 -0.294833 0.475632 0.886641 -0.0125251 
0.194179 -0.308598 -0.702631 -0.193654 -0.192406 -0.279808 0.473523 -0.554582 0.464215 -0.93352 -0.211489 0.120867 -0.181817 0.166608 -0.172802 0.461656 0.612347 -0.0917312 -0.636091 -0.921791 -0.0785073 -0.225181 0.396638 -0.630795 0.621988 0.0030327 0.270662 -0.672845 
-0.521336 0.157303 0.31463 0.672843 0.848705 0.611999 -0.520811 -0.343701 -0.66781 0.952712 0.101717 0.796405 -0.980808 0.890228 -0.0827279 -0.162624 0.0568364 0.74447 -0.700968 -0.330817 -0.347261 -0.337059 -0.252608 0.574232 0.43776 -0.85597 0.943437 0.0597475 
0.147063 0.214099 0.386903 0.625727 -0.628598 -0.298467 0.29857 -0.779893 -0.686469 0.777759 -0.123594 -0.354278 0.730471 0.978123 -0.557874 0.749663 0.868351 0.359399 -0.412961 -0.0748127 0.103869 -0.113929 0.594371 0.756608 0.549011 -0.658237 0.33084 -0.0132289 
-0.514207 0.274276 -0.953481 0.632855 -0.511625 0.433421 0.258582 -0.140222 -0.865046 -0.442848 0.0798848 -0.551515 -0.665089 0.956291 0.0942065 -0.934618 0.934413 0.536333 0.815045 0.802764 -0.104268 -0.597916 -0.272048 0.9996 0.288154 -0.677678 0.756208 -0.162834 
-0.335915 0.087048 0.823937 0.149877 -0.638676 0.870455 -0.217267 -0.1503 0.303876 -0.958685 0.709477 0.43883 -0.401533 -0.210638 0.887315 -0.0666219 -0.254347 -0.0184785 -0.00124039 -0.319934 -0.482146 -0.186196 -0.517169 0.413586 0.215888 0.210782 0.413186 -0.495958 
0.533105 0.169395 0.341208 -0.80281 -0.743557 0.165144 0.347067 -0.382233 0.0355995 -0.8702 0.467466 -0.660524 -0.828885 0.176944 0.778306 -0.230418 0.966305 0.665621 0.70296 -0.288042 -0.352858 -0.298281 0.392024 0.164997 0.515524 0.874855 -0.421417 -0.268588 
0.0856372 0.991769 0.235454 -0.381258 0.161164 -0.423339 -0.184068 0.417606 0.741806 -0.837001 -0.964627 -0.222595 -0.707202 0.50284 0.116881 -0.536087 -0.320217 -0.104813 0.233494 -0.353911 -0.439192 -0.0635459 0.358047 0.20795 0.638173 -0.249929 -0.627053 0.153697 
-0.375074 -0.0484701 0.885109 0.710563 -0.0567009 0.120562 -0.670695 -0.895537 0.697224 0.145236 0.522069 0.439029 0.308235 0.557442 -0.783565 0.601033 0.060282 0.333316 -0.935054 0.740065 -0.771497 0.29844 -0.613846 -0.210689 -0.765106 0.7442 0.997261 0.873068 
-0.505729 -0.629792 0.0267648 0.119197 0.321738 -0.0881265 -0.17024 -0.734963 -0.967564 0.159065 -0.6305 0.72966 -0.695699 0.891569 0.168689 0.612536 0.449011 0.385124 0.21357 -0.490707 -0.28156 0.278515 -0.750641 -0.0530578 -0.423044 -0.364488 0.736253 -0.18815 

0.733514 -0.126016 0.711682 0.42546 -0.177059 0.690497 -0.344008 0.982006 -0.940004 -0.614349 -0.713692 0.951565 0.55434 0.898844 0.400577 -0.0605358 0.112414 0.90987 0.657904 -0.609071 -0.840771 -0.395154 -0.0321155 -0.205259 -0.658901 0.779734 0.174454 -0.925387 
-0.951562 -0.823666 0.603794 -0.135439 0.455881 -0.153433 0.354287 0.841533 0.132875 0.305853 0.395873 0.0317187 -0.293571 -0.664663 -0.855868 -0.383701 0.993241 -0.464939 -0.224472 -0.401913 0.502946 0.570269 -0.060814 0.28268 -0.255277 0.0137985 0.747332 -0.206839 
0.923666 -0.204073 0.69934 -0.820563 0.444504 -0.97903 0.678782 -0.249643 0.416843 -0.2895 0.456786 0.75218 -0.145367 -0.926915 0.745422 0.389694 -0.151387 -0.656491 -0.10736 -0.581118 0.282695 -0.82468 0.163604 -0.703507 0.922651 0.956765 0.488626 0.846317 
-0.715447 -0.509115 -0.25069 0.819275 -0.284426 -0.430369 -0.812878 0.426074 -0.973582 0.939302 -0.719293 -0.900497 0.684724 0.670401 -0.0518839 -0.971767 -0.436959 0.366998 0.310927 -0.261639 -0.469397 0.607421 -0.338988 -0.512632 0.0960468 -0.492671 0.278912 0.3806 
0.769797 0.826512 0.574644 0.522164 -0.216087 -0.0517618 -0.829307 -0.276784 0.228945 -0.729804 -0.59206 -0.100654 0.218312 -0.563828 0.462387 -0.41469 0.7471 -0.799252 0.115913 0.35452 -0.13824 0.603281 -0.549433 0.369089 -0.117807 0.831167 -0.553709 -0.34801 
0.586536 -0.727197 0.45858 0.161181 -0.130407 -0.0192562 0.305456 0.653506 0.928982 0.47615 -0.623278 0.157927 0.746346 -0.215339 -0.942726 -0.035342 0.220834 0.519661 0.549968 -0.0320665 0.720409 -0.334119 -0.677546 -0.417832 -0.730838 -0.226979 0.951257 0.151355 
-0.395812 -0.602452 0.803345 -0.809276 -0.329649 0.261925 0.351905 0.539944 -0.757331 -0.342639 0.19345 -0.828349 -0.866489 0.570172 0.329578 0.879857 -0.645166 0.386852 -0.155485 0.575668 -0.093487 -0.605517 -0.456399 -0.373079 0.0603645 -0.133945 0.20909 0.329526 
0.639076 0.160347 -0.519119 -0.756736 0.557895 -0.715773 -0.566012 -0.771754 0.546152 0.785893 0.76819 0.788821 -0.556746 -0.0383598 0.960472 -0.423235 -0.468187 0.290051 -0.543378 -0.113354 -0.323097 0.301136 -0.537686 0.583416 0.695619 0.00591499 -0.789663 -0.244016 
0.87197 0.419427 -0.91449 0.511046 -0.420226 -0.433608 0.75431 -0.862331 -0.149382 -0.811702 -0.634085 -0.60323 0.974191 -0.865896 -0.814409 -0.582555 0.0957447 -0.853937 -0.00578963 0.627557 0.436114 0.450832 -0.485796 -0.886983 -0.248031 -0.0234824 0.696432 -0.552412 
0.982433 0.906769 0.203572 0.854403 0.326196 0.289083 0.365448 0.90597 0.855474 0.119758 -0.956361 -0.293907 0.308056 -0.590446 0.102863 0.282247 -0.456342 0.288454 0.699692 0.639403 0.434517 -0.306098 0.26696 -0.129369 -0.855265 0.781164 -0.0163524 -0.103297 
-0.242319 -0.31992 0.344291 -0.259886 -0.413151 -0.452137 -0.405484 0.913045 0.836946 0.959965 0.819015 0.69242 0.0797231 0.862654 -0.601487 -0.612221 -0.727792 0.501376 0.670026 -0.184134 -0.21017 0.369718 -0.544732 -0.775653 -0.93638 0.722228 0.094978 -0.791645 
0.503392 -0.921374 0.105058 -0.738927 -0.241295 -0.550651 0.00118735 0.345554 -0.00278724 0.595704 0.2586 -0.165841 0.555669 0.0776148 -0.473421 -0.364608 -0.0597312 -0.0749086 0.023171 0.212476 -0.573533 -0.306803 -0.971658 0.216297 -0.937085 -0.51639 0.440643 -0.873465 
-0.794161 -0.464379 -0.66511 0.709231 -0.385753 0.439949 0.970304 0.372952 0.889298 -0.0285085 -0.281493 -0.113489 -0.432805 0.977107 0.72067 -0.877136 0.0547214 -0.752752 -0.241744 0.99499 0.17234 0.781427 0.207467 0.598807 -0.525376 0.235808 -0.184897 -0.462461 
0.719419 -0.744253 -0.335926 0.925257 -0.208632 -0.00103532 0.634488 0.405615 -0.561087 0.604792 -0.221433 -0.671788 -0.423716 0.497074 0.214722 0.143479 0.474181 -0.064608 0.266343 -0.471098 0.18264 -0.975401 -0.476108 -0.64502 0.806026 0.731359 0.953786 -0.719351 
-0.0328326 -0.23111 -0.181812 -0.313414 0.0246364 0.482262 -0.388157 0.816004 -0.518773 -0.753669 0.22162 -0.0798596 0.851123 -0.999813 0.248352 -0.572593 0.497261 -0.536926 0.570886 -0.0285578 0.398466 -0.162771 0.500345 -0.418893 -0.138172 -0.975763 -0.0639136 -0.332147 
0.755596 -0.110127 -0.0514974 -0.277237 0.658763 0.766691 0.409349 -0.316601 0.248953 -0.978807 -0.500597 0.73018 -0.732476 0.721023 -0.34968 -0.881352 0.72121 0.898672 -0.453945 0.218471 -0.638253 -0.883059 -0.810087 0.760213 -0.0458306 0.690258 -0.65868 0.815997 
0.714495 0.277406 -0.51615 0.470091 -0.832721 0.432353 -0.807146 0.826041 0.199044 0.602203 -0.49056 -0.552003 0.623396 0.00884367 -0.821824 0.89092 -0.270133 -0.171503 -0.990432 -0.548924 -0.272831 -0.444378 0.669548 0.0889158 -0.327437 0.859461 -0.150871 0.626732 
0.549719 0.190449 0.442729 0.264214 -0.532145 0.926579 -0.265695 -0.364866 0.358932 -0.0728411 -0.538825 -0.442024 -0.470638 -0.0293847 0.00597236 -0.847242 0.979459 0.184149 -0.956321 -0.290674 -0.987354 -0.946754 0.160402 -0.260185 -0.391131 -0.17005 0.828731 0.281431 
-0.310589 -0.32214 -0.0918364 -0.76087 0.868308 -0.649107 0.503344 -0.663837 -0.722528 -0.762351 -0.0287036 0.636405 0.164807 0.432471 -0.805619 0.69417 -0.596913 0.200353 0.846928 -0.617454 -0.615498 0.890607 0.0918712 -0.602853 0.943853 -0.747727 0.136962 -0.447279 
0.0822228 -0.0343071 0.834153 0.771633 0.643552 -0.257684 -0.989237 0.511861 0.0932093 0.514107 0.848023 0.370682 0.751756 -0.18068 0.00708638 -0.0834369 -0.748209 0.201467 -0.389267 -0.345122 -0.59818 -0.542339 0.0374236 -0.213678 -0.651732 -0.870705 0.183469 -0.707879 
-0.618432 -0.679569 -0.155158 0.463791 0.286124 -0.321005 0.235424 -0.0703233 0.421311 0.246187 -0.558463 -0.48548 -0.239706 -0.710439 0.885202 -0.48795 0.10888 -0.107712 0.428613 0.360672 -0.906245 -0.960654 -0.98445 -0.504425 -0.502993 0.0529731 0.281897 -0.154725 
0.182268 -0.534634 0.137395 0.563836 -0.214203 0.982237 0.0276267 -0.928079 -0.338768 -0.736949 0.00159814 -0.917457 0.509238 0.443135 -0.402937 -0.730467 0.732696 -0.517735 -0.218417 -0.158423 0.374554 -0.789804 -0.797752 0.468309 -0.750458 -0.782202 0.963884 -0.253451 
0.270771 0.245781 0.591823 -0.546961 0.711147 -0.270782 -0.983125 -0.503056 -0.288545 0.0445013 -0.431134 0.372687 0.307552 0.570464 0.45523 -0.18321 0.0135993 -0.947707 0.0863232 -0.253705 -0.465442 0.867906 0.587872 0.909112 -0.921898 0.79012 0.377421 -0.672356 
-0.992082 0.341306 0.0741928 0.278688 -0.412913 -0.333984 0.731727 -0.701766 0.395235 0.748602 -0.204822 -0.89331 -0.206897 0.364044 0.479377 -0.899345 -0.0654922 -0.0653934 -0.0825542 0.948107 -0.0131004 -0.996231 -0.305597 0.521458 0.871675 -0.717726 0.43057 0.949777 
-0.927606 -0.192009 -0.722579 -0.919688 -0.850703 0.351614 0.359001 -0.263617 -0.98237 0.0907278 0.034617 0.412865 -0.16067 0.829795 0.519554 0.632433 0.193839 -0.00106868 0.733088 -0.871653 0.933538 -0.349466 -0.923546 -0.0795624 -0.345697 -0.229143 -0.558105 -0.474022 
0.053131 0.872465 -0.524245 0.125526 -0.319544 -0.246824 0.205838 -0.170247 -0.89521 -0.435162 0.566136 -0.87758 0.655566 -0.399247 0.535285 -0.505104 -0.569452 0.0548393 -0.872671 0.624387 -0.946229 0.860417 0.752734 0.987309 -0.489049 0.829188 -0.0922538 0.165253 
-0.399955 0.349642 0.691231 0.653176 0.222107 -0.833014 -0.221299 0.902563 -0.0798374 0.984539 -0.267684 0.0249528 -0.450623 -0.701548 0.147373 -0.795056 -0.100795 -0.317342 -0.30016 0.329754 0.737497 -0.172832 -0.0458589 0.791268 -0.312415 -0.293125 0.778576 0.198536 
-0.463937 -0.313677 -0.636211 0.136108 -0.964036 -0.94498 -0.210716 0.258071 -0.777993 0.567986 0.160634 0.142169 0.552525 0.892951 -0.832878 -0.898098 -0.808597 0.314495 -0.693154 0.0906083 0.997153 0.00668538 -0.579638 0.73465 0.833854 0.374503 0.525918 -0.478561 

