0.915428 0.0282747 0.655784 -0.954237 -0.840998 -0.0584121 0.792404 -0.74099 -0.333945 -0.413084 

0.342861 0.251107 -0.465884 0.943338 0.212246 0.869445 -0.850336 0.520252 0.511372 0.123713 

-0.265853 -0.710062 0.729188 0.676887 -0.33682 0.634836 -0.103824 0.341012 0.815144 0.259185 

-0.882943 0.730572 -0.71254 0.772841 0.776335 -0.553538 -0.285571 0.568738 -0.294529 0.380484 

-0.844345 -0.951667 -0.36841 -0.310229 0.991671 0.843836 -0.440784 -0.858665 0.364089 -0.929412 

0.265048 -0.901764 -0.639474 -0.00576404 0.775123 0.0237054 -0.370928 -0.328701 -0.635283 -0.555784 

0.930484 -0.518226 -0.825212 -0.782056 -0.745385 0.951122 -0.335595 -0.0309558 0.519861 0.369876 

-0.650472 0.675515 0.418209 -0.0188819 -0.634714 0.40988 -0.175046 -0.0754981 0.551215 -0.810957 

-0.00491033 -0.183738 -0.712721 0.355615 0.810498 -0.937598 -0.620679 -0.56043 -0.2663 -0.255962 

-0.116213 -0.335816 0.225812 0.0585743 -0.117872 0.480427 0.00969646 0.546533 -0.550529 -0.470443 

-0.0835908 -0.201001 -0.794928 -0.665382 0.780117 -0.429642 0.744498 -0.394928 0.49486 0.295713 

-0.205885 -0.510051 -0.888025 0.0813934 0.845565 0.922474 0.143795 -0.775115 -0.637956 0.877496 

-0.0310769 0.245831 -0.45832 -0.805265 -0.695595 0.423807 0.675162 0.314101 -0.0296601 -0.875367 

0.843658 0.886749 -0.0763674 -0.95127 -0.778632 -0.29625 -0.380912 0.965866 0.308822 -0.886052 

0.261579 -0.897064 -0.396102 0.373554 0.184329 -0.550538 0.296028 -0.671875 -0.325652 0.658072 

-0.79438 0.643271 -0.0960977 -0.2527 0.838006 0.208307 -0.828893 0.513168 -0.477591 0.141447 

0.637801 -0.633933 0.0281959 -0.438566 -0.585203 0.249563 0.265184 0.0338855 0.215429 -0.425995 

0.147834 -0.522992 -0.323058 0.751731 0.850562 0.861271 -0.798807 0.14659 -0.810604 -0.124459 

-0.195338 -0.604984 -0.481188 0.708564 0.142316 -0.643182 -0.0831289 0.313423 0.869986 0.43928 

-0.54513 0.507787 0.805346 0.483066 -0.930779 -0.779856 -0.267371 0.334405 0.254029 0.948058 

0.90841 -0.598137 -0.574933 -0.414648 -0.846406 -0.724371 -0.553377 -0.645213 0.422219 -0.363981 

0.230329 -0.773119 0.0310347 0.74914 0.935445 -0.82665 -0.894042 -0.147684 0.486773 0.975944 

-0.708405 0.941643 0.483731 -0.903058 0.424708 0.552952 -0.682914 -0.842663 -0.112643 0.571115 

-0.894604 -0.204232 0.972978 -0.469538 0.38112 -0.873428 -0.193909 0.827743 -0.518641 -0.77169 

-0.536239 0.711688 -0.544809 0.494796 0.460828 -0.609365 0.668147 0.566786 0.242951 0.15492 

0.54273 0.534546 0.0965626 0.0264613 0.631488 -0.478729 -0.420587 0.948574 -0.321392 0.46677 

0.519689 -0.215996 -0.737462 0.492666 0.314466 0.643657 0.619238 -0.879443 0.4714 -0.899403 

-0.651133 0.935161 0.812285 -0.195943 0.429958 0.273113 0.194692 0.0981043 -0.160101 -0.562357 

-0.746976 -0.61737 0.97219 0.349587 0.409091 0.603678 0.870858 0.988504 0.552252 -0.450534 

0.455274 0.0719407 0.333469 0.717812 -0.435393 -0.352065 0.36147 -0.816155 -0.231509 -0.16713 

-0.715558 0.117358 -0.231969 -0.903273 0.921415 -0.802011 0.36984 0.116108 0.296093 -0.79026 

0.553751 0.549117 -0.407631 0.525941 -0.101296 -0.99854 0.129619 -0.230438 0.989964 -0.318129 

0.319027 0.445239 0.753812 -0.347503 0.163051 -0.681581 0.300431 -0.475479 -0.497736 -0.931077 

0.35739 -0.213293 0.186281 -0.874578 -0.116566 0.107696 -0.676589 -0.746726 -0.776196 0.619504 

-0.536986 0.777555 0.168621 0.0553828 0.303496 -0.932675 0.0568428 -0.566885 -0.163113 0.0468069 

0.114986 -0.844086 -0.507955 -0.131202 -0.191589 0.655096 0.187217 -0.891158 -0.820383 0.689481 

-0.822235 0.537008 -0.523812 0.364046 0.662429 0.359622 -0.528258 0.98584 0.612896 -0.304454 

0.605344 -0.92409 -0.526899 -0.226035 0.131292 0.776597 -0.15871 -0.811865 -0.790287 0.678178 

0.234942 0.324699 0.834092 0.726988 -0.806503 -0.357497 0.382084 0.380714 -0.248655 0.561701 

0.0701955 -0.0708894 0.0987087 0.546383 -0.706843 -0.238862 -0.0939947 -0.235101 -0.253022 -0.481099 

0.460445 -0.647678 -0.405189 0.933546 0.126287 0.726103 0.710143 0.967577 0.914239 0.919856 

0.645755 0.149181 0.244555 0.479847 -0.123832 0.438052 -0.87765 -0.741747 -0.181234 -0.126305 

0.819954 0.888962 0.802806 -0.0813376 0.435345 -0.904038 0.6798 -0.65865 -0.139139 -0.573222 

-0.139748 -0.678694 -0.2209 0.455063 -0.745148 0.905386 0.181166 0.964996 0.872963 0.0954047 

0.884852 0.518718 -0.755414 0.129407 -0.00143547 0.120754 -0.432541 0.120914 0.379007 0.386225 

0.994609 0.19896 0.275187 0.797415 -0.882377 -0.289468 0.893377 0.797423 0.0518822 -0.245762 

-0.775799 0.912134 0.0755446 0.00330108 0.367197 0.330397 -0.0913125 -0.451637 0.295393 -0.218349 

0.643767 0.180244 -0.699631 0.888353 -0.690349 0.298933 0.00910697 -0.12289 -0.580152 -0.611887 

-0.736666 -0.585543 0.587074 0.538521 -0.788129 0.704696 -0.750947 -0.894751 0.502119 0.300935 

-0.140513 0.726321 0.213069 0.935032 -0.270378 -0.419735 0.265429 0.638309 0.128628 -0.439179 

-0.58004 -0.227604 0.741066 -0.279671 -0.339252 -0.949283 -0.980738 0.669855 -0.0721735 -0.56089 

-0.942031 0.191161 -0.146433 0.645043 -0.270318 0.0654382 0.349739 -0.0212656 0.170687 -0.148142 

-0.720331 -0.969826 -0.421821 0.492738 0.965205 0.307801 -0.926997 0.230634 -0.05389 0.201631 

0.791455 0.36607 0.974027 0.532521 -0.913601 -0.365225 0.583238 -0.894338 -0.695369 -0.488936 

-0.455228 -0.6374 0.702225 0.398338 -0.992358 -0.568093 -0.536223 0.357382 0.410641 0.634463 

-0.79076 0.69031 0.664637 -0.212581 0.183048 0.629842 -0.90478 0.256051 -0.139524 0.0413298 

-0.542317 -0.348069 -0.5926 -0.56829 -0.815549 -0.506201 0.066485 0.767689 -0.400539 0.371116 

-0.721247 0.144233 0.733716 0.980978 -0.457429 0.741358 -0.587116 0.00634765 0.0987397 0.823525 

-0.359189 0.30798 0.513835 -0.694552 -0.904601 -0.303117 0.93529 -0.809382 0.952935 -0.204234 

0.231948 -0.589383 0.447697 0.639348 -0.157673 0.632148 -0.866853 0.908812 0.399837 -0.267392 

0.279928 0.67859 0.876841 0.0136435 0.659567 -0.580588 -0.244998 -0.927548 0.425759 0.853741 

0.895977 -0.93343 0.161721 0.409812 -0.627982 0.25712 -0.893305 -0.692692 0.447738 -0.94037 

0.103074 -0.320314 -0.529753 -0.449229 -0.680966 0.312574 -0.817081 -0.547818 0.221386 0.582756 

0.18479 -0.498686 0.261346 0.0616302 0.514957 -0.0790865 0.481042 -0.730041 -0.00663478 -0.0931991 

-0.876299 -0.110658 -0.0266289 0.285422 -0.700846 0.345389 -0.457459 -0.594151 0.652698 0.99028 

-0.534521 -0.244228 -0.330034 -0.0642734 0.306543 -0.0109997 -0.751699 0.489463 0.441182 0.469687 

0.0722188 -0.374028 0.971001 -0.666435 0.687602 0.485958 0.254478 0.168644 0.755917 -0.752156 

-0.924555 0.879618 0.137186 0.0488158 0.16504 0.43634 -0.605795 0.707581 0.842189 -0.953097 

0.69786 -0.692331 -0.197325 -0.632174 0.243395 -0.890781 0.356827 0.491696 0.598681 -0.201991 

-0.038617 -0.3291 0.42398 -0.0676161 0.00446494 0.111582 -0.581658 -0.741057 -0.719774 -0.82574 

-0.493213 -0.644329 -0.946122 0.643973 0.404487 0.218917 0.0803124 0.798692 -0.0735016 -0.0774984 

0.845595 -0.375641 0.23017 -0.35173 -0.00781477 -0.526434 -0.242511 -0.650988 0.965262 -0.64383 

0.147021 -0.0733553 0.0270699 -0.428999 0.859029 -0.968465 0.682583 -0.722629 -0.709522 0.96281 

-0.548369 -0.202735 -0.68152 -0.494492 -0.558762 0.722967 0.724426 0.52155 0.521659 -0.349076 

-0.555948 0.367253 0.275283 0.674222 -0.984477 -0.732532 -0.852212 -0.226988 -0.38352 -0.886951 

0.129182 0.763501 0.0396939 -0.843749 -0.665498 -0.101277 -0.812214 -0.982915 0.176093 -0.521736 

0.979895 0.627724 0.275529 -0.701625 -0.866768 0.716767 -0.978658 0.857658 0.238317 0.543001 

-0.491418 0.682369 -0.0897461 0.783865 0.356591 -0.0742229 -0.948667 0.504379 0.698789 -0.332187 

0.617428 -0.17203 -0.568686 -0.342878 -0.0157783 -0.234184 0.555844 0.172008 -0.217099 -0.268062 

0.650272 -0.237204 -0.640338 -0.0741982 0.061171 -0.507106 -0.357431 0.0825131 -0.649448 0.880886 

-0.374486 -0.140866 0.563255 0.535768 -0.357001 -0.0801533 -0.538455 -0.305668 -0.575775 -0.839667 

0.362145 -0.958347 -0.0116962 0.793459 -0.301225 0.972525 -0.440725 -0.74538 0.144533 0.342176 

-0.0134424 -0.205194 -0.895028 0.346219 0.720608 0.166143 0.839114 -0.636823 -0.751344 -0.810334 

-0.755937 -0.125831 0.0487995 0.807318 -0.590063 0.691798 -0.272835 -0.128518 -0.613869 0.151391 

0.0318151 0.748276 0.193044 -0.979881 0.541735 0.891819 0.992644 -0.89899 -0.853561 0.137178 

0.443186 0.132997 0.931984 0.548158 -0.520784 0.652591 -0.2857 -0.68167 -0.984232 -0.0370439 

-0.492005 -0.740169 0.837126 0.556795 -0.932851 -0.752937 0.248593 -0.205686 0.118544 0.634724 

0.945705 -0.849641 0.383 0.138749 -0.829522 -0.0752654 0.0305678 -0.836877 0.0257445 0.177007 

0.3003 -0.53107 -0.689996 0.232284 -0.982912 -0.21078 -0.115125 -0.268612 0.107549 -0.0993573 

0.694344 0.615544 0.160473 0.53147 0.172339 0.227622 0.778532 -0.579068 -0.978064 -0.102923 

-0.944344 0.967641 0.0474359 0.438655 0.10639 0.217914 -0.63661 -0.863043 0.381037 0.389135 

0.313964 -0.318663 0.858065 0.623968 0.913621 0.875153 -0.586813 -0.201504 -0.393459 0.520737 

0.699139 -0.699115 0.136281 -0.140388 0.832355 -0.69138 -0.912766 0.610887 -0.270448 -0.89083 

-0.492036 -0.214792 -0.923189 0.5554 -0.776137 0.183201 -0.226686 -0.412747 0.320158 -0.84565 

0.976388 -0.365877 -0.164313 0.834453 -0.74191 -0.250692 0.709606 -0.328722 0.547804 -0.683854 

-0.807986 0.246943 -0.382969 0.328295 -0.893445 -0.550614 0.636915 -0.806211 -0.939727 -0.633533 

-0.697041 -0.431763 0.151675 -0.620229 -0.876363 0.375538 0.562972 -0.103049 0.962792 -0.11687 

0.0513012 0.93918 0.517252 0.886989 0.773632 0.775343 -0.363703 0.483238 -0.55338 -0.815899 

0.799384 -0.361366 0.431044 -0.583584 0.966929 0.537599 -0.134198 0.603844 0.731387 -0.0739246 

0.970311 -0.965653 0.494313 0.121985 -0.585883 0.61795 -0.502477 0.977089 -0.4851 -0.539685 

-0.139781 0.566201 -0.600506 -0.622529 0.45319 -0.826873 -0.847186 -0.910513 0.656365 -0.400566 

-0.726411 0.455749 0.238068 0.704633 0.872165 0.204997 0.242231 -0.262033 -0.191159 -0.0263813 

0.664042 -0.220848 0.00796527 0.158355 0.901137 0.422082 -0.223696 -0.60134 0.399171 0.291205 

-0.141025 -0.74061 -0.142594 0.25847 -0.363139 -0.689404 0.431596 -0.210325 -0.599917 0.0879613 

0.389109 -0.326328 -0.45629 -0.372823 -0.621695 -0.584125 0.832174 0.620536 0.153842 -0.358985 

-0.405845 -0.182116 0.420167 0.60212 0.976239 0.321303 0.0242024 -0.247456 0.719964 -0.576627 

-0.956252 -0.421061 -0.317237 -0.0988459 0.837408 0.319624 0.21175 0.269005 -0.890701 0.611834 

-0.643034 0.498407 -0.714494 -0.0993236 -0.874416 -0.33619 0.316552 0.957758 -0.715654 -0.529606 

-0.401227 -0.121499 0.288278 -0.981061 -0.519379 0.264517 0.340243 0.504823 -0.982939 0.0602062 

0.928197 -0.939191 0.639145 -0.38904 -0.0380371 0.476553 0.930584 -0.826287 -0.254442 -0.960117 

0.785547 0.102524 0.53829 -0.928947 -0.9968 0.663874 -0.265137 0.319752 0.621631 0.0192091 

0.790146 -0.779596 0.89771 0.078424 -0.760657 -0.621669 -0.657059 0.579586 0.883154 -0.639998 

-0.360208 0.811351 -0.579189 -0.721063 -0.577689 0.382774 0.75549 -0.647105 0.556487 -0.498952 

-0.607223 0.342034 0.603572 0.931067 0.413086 0.606773 0.59494 -0.852051 -0.0734751 0.216572 

0.167158 -0.283329 0.436976 0.0648682 0.795095 0.676319 0.443199 -0.861964 0.255905 0.326353 

-0.501962 0.895697 0.137704 -0.0811516 -0.825366 0.560014 -0.698378 0.930124 0.912909 0.858109 

-0.568828 -0.694314 0.200143 -0.965255 -0.763247 -0.386771 0.641517 0.831694 -0.238822 -0.431958 

0.0482653 0.928336 0.284713 -0.514759 -0.00679555 0.0798078 -0.83844 -0.563596 0.217844 0.417465 

0.762757 0.715882 0.313162 -0.0995395 -0.36527 0.487796 -0.539525 -0.0636481 0.41792 -0.626616 

-0.205539 0.849093 -0.32093 0.994603 0.883838 -0.0841767 -0.392168 0.525355 -0.252483 0.36901 

