0.287508 0.705888 -0.151755 0.830133 -0.710392 
-0.524797 -0.602463 0.842481 0.253978 -0.682348 
0.612772 -0.183942 0.326703 0.626326 -0.429957 
0.524691 0.587142 -0.456563 -0.247434 -0.68399 
0.958489 -0.54744 -0.765869 -0.964112 0.0920785 

0.0276411 0.644593 -0.255935 0.583506 -0.85682 
-0.247935 0.427616 -0.605748 0.0248829 0.118716 
0.769714 0.684029 -0.0643159 -0.801027 -0.44292 
0.233083 -0.331253 0.363677 0.123734 0.459095 
0.33439 0.220988 -0.538401 0.763568 -0.573265 

0.390955 -0.199258 0.915481 -0.229682 -0.0649507 
0.56488 0.845456 -0.662579 -0.244871 0.0303616 
-0.088062 0.122689 -0.404906 0.485189 -0.831237 
0.065209 0.159028 0.225121 -0.537305 0.238995 
0.719495 0.852504 -0.871293 0.919583 -0.955658 

0.776561 -0.932838 -0.640703 -0.266014 0.263004 
-0.329413 0.27548 -0.599782 0.519177 -0.276339 
-0.937046 0.332659 -0.155456 -0.0273462 0.606434 
-0.235244 0.700155 0.313244 -0.703851 -0.472076 
-0.768262 -0.647827 -0.507294 0.135561 0.894676 

0.686546 -0.818785 -0.402791 0.617312 -0.108315 
0.00483993 -0.930281 0.0520696 0.445173 0.41057 
0.721141 0.481589 0.277874 0.637246 0.754289 
0.523912 -0.426906 -0.989669 -0.548685 -0.826873 
0.898491 0.137728 0.959108 -0.50864 -0.02096 

-0.392954 -0.0709082 0.745035 0.880028 -0.856446 
-0.389761 0.365476 0.428736 0.189736 -0.408378 
0.714864 -0.914314 0.205912 -0.162948 -0.875526 
0.532661 -0.551675 0.425199 0.423409 0.136501 
-0.214103 0.858885 0.126733 0.611511 0.923657 

-0.947325 -0.719035 0.07329 -0.171125 0.0848837 
-0.361529 0.509383 0.361256 -0.033765 0.141995 
0.173944 0.300587 -0.535483 -0.0486637 0.932879 
0.810983 -0.194353 -0.554169 0.140788 -0.423277 
0.738512 0.887085 -0.217008 0.638994 -0.0318446 

0.232362 0.82739 0.872781 0.8654 -0.213778 
0.444665 -0.995094 -0.920784 0.727051 -0.813177 
0.460136 0.853793 -0.812273 -0.488474 0.210087 
-0.0462277 0.43856 0.486379 -0.964445 0.889066 
-0.792067 0.361531 -0.402006 -0.738736 -0.601708 

