-153.964 -154.137 -192.182 -232.847 -250.906 
-191.643 -205.129 -238.215 -246.964 -220.232 
-196.473 -200.147 -197.736 -171.308 -119.181 
-177.945 -161.703 -122.126 -63.7096 -19.6769 
-146.224 -97.4331 -42.7518 -1.92321 0.643926 

7.10093 -7.05118 -14.7149 -5.88276 19.8271 
13.5333 20.1423 12.9251 -0.0983757 33.7031 
4.91208 2.88864 -7.65572 -12.4518 21.9462 
-34.835 -55.0414 -65.6032 -42.5993 -10.7939 
-68.8312 -94.1281 -83.8172 -30.1998 0.469951 

36.6072 -9.43739 -22.5268 9.10085 48.7195 
30.9202 1.65566 9.33938 66.7956 99.7169 
6.88966 -3.28769 36.5639 83.4338 86.4018 
-27.4433 -13.0569 27.5682 46.7748 29.3223 
-49.4055 -28.7188 8.72859 7.20267 0.840006 

-150.771 -206.748 -185.568 -157.628 -126.456 
-225.448 -245.658 -183.313 -123.818 -65.506 
-251.141 -208.244 -113.967 -46.3429 -14.1108 
-227.712 -149.711 -29.3652 20.1305 7.16032 
-185.889 -58.2823 54.7822 37.7889 0.643479 

63.0051 38.9179 9.16303 -13.4466 -12.3499 
57.3685 46.0315 16.7294 8.09545 24.3364 
-23.6778 1.21593 -10.5404 5.00557 24.0179 
-52.9883 -30.4214 -5.24601 6.57505 19.3707 
-7.52875 13.0197 13.3065 4.73965 0.413897 

-23.6052 -106.363 -132.364 -120.06 -109.972 
-56.1951 -105.323 -91.8332 -69.9536 -83.9288 
-120.012 -117.341 -58.076 -18.2001 -27.5212 
-163.664 -124.168 -49.8783 -8.34143 -5.15378 
-180.515 -116.067 -44.2916 -7.38601 0.568766 

-292.511 -256.667 -191.408 -158.56 -156.035 
-268.736 -210.048 -133.292 -111.67 -118.127 
-189.846 -113.193 -39.879 -36.0153 -49.0627 
-173.84 -81.5887 -13.0345 10.0367 -2.47854 
-175.76 -87.3305 -22.4094 6.26446 0.77377 

-207.671 -131.658 -67.4643 -32.4539 -27.8278 
-156.54 -78.1321 -17.7477 1.13897 -7.92795 
-80.0728 -13.2849 25.2758 37.8999 8.65531 
2.38271 27.3515 50.2272 35.7589 -2.85558 
49.9694 53.4123 54.0605 26.7482 0.827087 

