-0.324579
-0.36387
0.905329
-0.826762
-1.01822
-0.57018
-0.738743
-0.711159
-0.62163
0.362796
-0.0747312
0.451864
-0.0620692
-0.517937
0.453076
0.766089
-0.328112
0.394558
-0.707897
0.329584
-0.281706
0.982793
0.757634
0.637852
-0.116228
-0.267967
0.400149
-0.507979
-0.474198
0.60245
0.00900747
0.21918
-0.774012
-0.100009
0.332206
-0.750155
0.33715
0.593121
-0.465527
0.760058
-0.0262405
0.447558
0.201346
0.930322
0.944799
-0.343999
0.673704
-0.3836
-0.9304
0.993028
0.961455
-0.254488
0.973617
0.745188
-0.590346
-0.147145
-0.541197
0.781098
0.346436
-0.00288059
0.380925
-0.644404
-0.839692
0.618948
0.260596
0.508
0.890009
-0.377154
0.110759
-0.569411
-0.632702
-0.910701
0.899487
0.559899
-0.998437
0.813592
-0.777238
0.68862
-0.558389
-0.70669
0.649289
-0.58755
0.0572714
0.643195
-0.865252
0.438527
-0.500821
-0.381871
0.269767
0.85542
0.636416
-0.345916
-0.814247
0.771423
-0.693003
0.47535
0.318284
-0.823617
-0.931337
-0.594034
-0.39501
-0.565082
-0.503362
-0.496912
-0.999707
-0.501465
-0.68028
-0.777718
-0.798664
-0.230373
-0.495874
0.860119
0.171713
0.571034
0.499683
0.328611
0.0267263
0.99251
0.948734
-0.708752
