-0.0328114 -0.193003 0.509711 0.428227 0.194615 -0.4566 0.784242 -0.770665 0.682801 -0.611039 

-0.238352 0.516767 -0.757086 0.845488 0.33153 0.866034 -0.0794929 0.544916 0.467426 0.735328 

-0.656967 0.536774 -0.554295 -0.74873 -0.330943 -0.472351 0.549757 -0.246501 -0.737639 0.880666 

-0.140203 0.2301 -0.311071 -0.630492 -0.341673 0.883545 -0.087092 -0.557432 -0.88712 -0.404291 

-0.702795 -0.502429 -1.67205 -0.782417 0.634092 0.42888 -0.897043 1.51873 0.405271 0.632587 

0.313555 0.35252 -0.977804 0.746314 0.602059 -0.39216 -0.706347 0.140197 0.435906 -0.459624 

0.0152504 -0.658063 0.740477 0.694158 -0.332932 -0.577713 0.582877 0.573818 -0.126776 0.716617 

-0.829272 0.699444 -0.44006 -0.717697 -0.214884 0.263465 0.690367 0.81011 -0.164321 -0.314029 

-0.697983 -0.851937 -0.967441 -0.696981 0.892769 0.545085 0.00184854 -0.845283 -0.239848 -0.58159 

-0.284628 0.795922 -0.282332 -0.543939 0.507024 0.296722 -0.0916993 0.0720521 -0.048555 0.747509 

-0.205049 0.115448 0.451594 0.35489 0.397802 -0.76345 -0.381593 0.0882257 -0.953293 0.45412 

0.788298 -0.652476 0.596284 0.79969 -0.351049 0.399538 0.435769 0.619004 0.629133 -0.823414 

-0.963874 -0.683398 0.948921 -0.259261 -0.217321 0.443722 -0.885107 0.661267 -0.471112 0.0569361 

0.428187 0.339179 -0.821173 -0.134358 -0.307535 0.498437 0.122023 0.298896 -0.339113 0.152456 

-0.22252 -0.553457 0.482689 -0.645761 -0.768357 -0.922261 0.822777 0.655708 0.745181 0.412705 

0.776672 0.881798 0.673968 0.787847 -0.453097 -0.488613 0.12099 -0.343578 -0.743088 0.761105 

0.69948 0.62421 0.082659 0.857139 -0.51174 0.68561 0.446571 0.578487 0.059383 -0.911877 

-0.271949 0.810001 -0.483428 -0.788439 -0.847086 -0.251728 -0.667305 0.966548 -0.604081 -0.926507 

1.45569 -1.57467 1.41234 0.330328 0.927153 -0.483374 1.39305 -0.734629 -0.190862 0.257129 

-0.0282076 -0.306566 0.515153 -0.966717 -0.451019 0.913899 0.809888 0.963756 0.567264 -0.150064 

-0.94521 -0.709637 -0.338836 -0.442476 -0.496993 -0.182815 0.31152 -0.165646 -0.222635 0.704986 

-0.0758628 -0.804987 0.933395 -0.24119 0.357629 0.845412 0.144793 0.0452703 0.127921 -0.876328 

0.903951 -1.76556 0.420069 0.23985 -1.7312 -0.0164595 -0.121841 0.14546 0.592838 -1.29146 

-0.233395 0.364785 -0.700356 0.408782 0.928697 -0.274963 -0.762152 0.229492 0.635654 -0.00239486 

-0.055161 -0.445808 0.170882 -0.12927 0.303166 -0.482876 -0.201737 -0.576016 0.560561 0.893861 

-0.45411 -0.48942 0.991305 0.346584 -0.0351508 -0.892705 -0.314864 0.3974 -0.987439 0.987784 

0.398664 -0.235858 0.339109 0.689067 -0.825195 0.254887 -0.514261 -0.605067 -0.512865 -0.878042 

0.395635 0.442654 -0.330257 -0.437718 -0.691384 0.891184 0.104499 0.0803441 -0.606823 -0.34386 

0.00296496 -0.0502128 0.169743 -0.0200017 -0.704502 -0.946657 0.106825 -0.0308691 0.525305 0.103433 

-0.0419028 -0.0798603 0.865053 -0.701898 -0.38955 -0.961116 0.55536 0.0969912 -0.569321 -0.956292 

0.149726 1.60856 0.409345 0.904385 -0.725301 0.618838 0.942288 0.0938148 -0.307351 -0.778357 

-0.838508 0.819446 0.187979 0.101372 -0.131967 0.567588 0.265858 1.00689 -0.641802 -0.0170484 

0.00316389 0.378247 0.841148 -0.119417 0.681759 -0.547167 -0.0945092 0.241429 0.547632 0.33363 

0.277767 -0.233956 0.171335 -0.254958 -0.354832 0.533758 -0.480238 -0.515259 -0.00780463 0.367871 

-0.704591 0.357507 0.300797 0.498113 -0.558803 -0.843625 -0.0643888 1.30717 0.503695 1.36218 

-0.277797 -0.0498925 0.152244 -0.449014 0.818792 -0.246797 0.0241899 -0.284013 -0.938062 -0.441721 

-0.943508 0.337096 0.321379 0.212626 -0.911784 0.96635 -0.253455 -0.391358 -0.546726 0.741949 

0.991248 0.186573 -0.141981 0.186709 0.0717772 0.16281 0.23354 -0.598762 0.0246545 0.148695 

-0.832747 0.712805 -0.936675 0.287852 -0.702978 0.857927 -0.873167 0.295964 -0.394882 -0.735861 

0.853026 -0.323928 0.538353 0.160256 0.887099 0.548382 0.146443 -0.378335 -0.768804 0.583441 

-0.621606 -0.780336 -0.240746 0.214922 0.404878 0.741441 -0.529827 -0.393681 -0.782743 0.47461 

1.1926 -0.394161 0.856662 0.574141 0.418077 0.0527581 0.879433 0.859803 -0.523063 -0.932144 

-0.920461 -0.386339 -0.0324196 0.575201 0.751872 -0.161761 0.194146 -0.132123 0.497288 0.370917 

-0.527159 0.857017 0.606506 0.220785 0.0721242 -0.00455294 0.0341553 0.525817 0.605823 0.247661 

-0.0187443 0.415618 0.459145 -0.796512 0.160963 0.279262 0.688545 -0.0260023 0.192893 -0.493424 

-0.651256 0.491751 0.250269 -0.19495 -0.553944 -0.545442 -0.718296 1.48244 0.873752 0.0922512 

0.308347 -0.828116 -0.538584 -0.0803631 0.393617 0.478085 0.895866 -0.567729 0.0644374 0.479297 

0.66589 -0.946867 -0.139219 0.294346 -0.753615 -0.945223 -0.386272 0.919279 -0.0263344 0.759392 

-0.644033 -0.775897 -0.0744493 0.395343 -0.53077 0.643519 -0.802325 0.584821 0.532828 0.889586 

-0.803211 -0.174947 -0.9527 -0.337467 0.713877 0.423057 -0.783214 0.609615 0.848584 0.246424 

0.12634 0.526499 0.299326 0.976781 -0.181944 0.487655 -0.937967 0.425057 0.480837 0.00917341 

0.184788 0.830512 0.226609 -0.889662 0.225855 0.695838 0.753857 0.42353 0.28066 0.286685 

0.303061 0.494476 -0.897283 0.366257 -0.855272 0.741709 -0.182544 -0.64756 0.443198 -0.336243 

1.06347 -1.40866 -1.08219 -0.56731 0.0815833 0.381082 -0.12554 -0.83973 0.0112234 0.510937 

0.555369 0.588765 0.753411 -0.218024 0.699077 -0.0207165 -0.522185 0.452948 -0.597205 0.758484 

0.488069 0.960882 -0.389772 0.481285 -0.59638 0.819925 -0.0198107 0.446134 0.148238 -1.00376 

-0.472356 0.27739 -0.34028 -0.305285 -0.829472 0.183602 0.673378 -0.380885 0.736482 -0.922909 

-0.444023 0.304865 0.672928 -0.704747 -0.914764 0.293837 0.294357 -0.448916 -0.179002 0.680888 

0.012402 0.554607 0.232129 0.587144 -0.841774 -1.0187 -0.0380813 0.0707263 -0.560106 -0.378023 

0.202425 -0.107941 0.885118 0.847966 0.585083 -1.02249 0.0515009 0.246302 -0.329329 -0.228207 

0.324116 0.209457 -0.939815 -0.00997401 0.504721 -0.865899 -0.644975 -0.220743 -0.314165 0.172969 

-0.527993 -0.00952296 -0.262467 0.832013 -0.464319 0.14981 -0.67558 0.439068 -0.79005 -0.325006 

-0.953467 0.402969 0.55365 0.924618 0.250942 0.12741 0.973305 -0.717376 -0.625636 -0.359082 

0.0650008 0.711413 0.857391 0.111046 -0.300165 0.283921 0.264978 0.0428832 -0.862598 0.934539 

-0.788991 -0.413591 -0.0769217 -0.060277 -0.563669 0.459155 -0.918414 -0.194657 -0.0976296 -0.700635 

0.438422 -0.0419044 0.700772 -0.00790977 -0.117281 -0.0482793 -0.88051 -0.143983 0.234336 -0.506138 

0.512749 -0.701588 -0.78439 0.346176 0.395161 -0.178408 -0.278279 -0.350798 0.924787 -0.181591 

-0.413282 -0.84614 0.434691 0.499431 0.0993738 0.797261 -0.0150832 0.170448 -0.364564 0.879896 

0.471382 -0.915718 -0.157 0.170657 0.0748648 0.651758 -0.858113 0.182793 -0.423031 0.359782 

0.672056 -0.928597 0.631527 0.883504 0.403252 0.0211079 -0.210495 -0.883325 0.665983 -0.322031 

-0.0291342 -0.736022 -0.178439 -0.615499 0.76187 0.831539 -0.727189 -0.285102 0.0768815 -0.111186 

-0.407729 -0.45732 -0.0440047 0.42703 0.712351 -0.981157 0.144512 0.833734 0.201184 0.718013 

0.179878 -0.150468 0.887922 -0.100844 -0.257709 0.210997 0.788404 0.435979 0.321148 0.557861 

-0.815971 -0.703323 0.80422 -0.0160586 -0.32117 0.474884 -0.093015 -0.0799479 -0.734827 0.964581 

1.17881 -0.305474 -0.321411 -0.496072 -0.783356 -0.378664 -0.87613 1.27089 -1.10042 0.474205 

0.159345 0.25152 -0.13397 -0.0663595 -0.919698 0.533785 -0.840374 0.935913 0.103373 0.469585 

0.482513 0.27246 0.71665 0.253516 -0.751058 -0.584877 -0.161859 0.268052 0.297155 0.0547683 

0.112203 0.156222 0.951097 0.551753 0.924981 -0.821693 0.839895 -0.307203 0.665087 0.882603 

-0.376229 -0.0398826 0.0334565 0.405783 0.706168 0.205612 -0.0178858 1.04924 0.0094286 -0.616629 

0.355625 -0.39219 0.506925 0.0905577 0.886254 0.682139 0.52694 -0.297893 -0.103639 -0.152419 

0.793981 0.993675 0.986542 0.740863 0.597095 0.890635 0.970438 0.415924 -0.424843 0.627218 

0.298307 0.254487 -0.563573 -0.609408 -0.221651 -0.906023 0.586017 0.892992 -0.956228 -0.317883 

-0.858972 0.394755 0.279995 0.626819 -0.516298 0.0767397 0.399931 0.978867 0.853727 -0.723053 

-0.299518 0.495173 -1.04877 0.575868 0.251577 0.921733 -0.912294 0.481468 0.550543 0.39193 

0.157159 -0.425121 -0.522011 0.114791 0.169324 0.380455 0.342916 -0.491341 0.148077 0.735856 

0.199249 0.311172 -0.000639802 -0.519829 -0.0654188 0.465678 0.61546 -0.688526 0.44898 0.470532 

-0.386217 -0.729549 0.110933 -0.138788 0.0781782 -0.513837 -0.287792 0.803839 0.847327 0.991575 

0.0310997 0.0139359 -0.31303 1.73441 -0.951088 0.546388 -0.698388 0.42694 -1.22946 -0.978394 

0.797611 -0.0016078 -0.236667 -1.1879 0.973021 -0.377325 1.08931 0.890063 -0.986644 0.719697 

-0.188461 0.19627 0.64916 0.910044 -0.946326 -0.342097 -0.571985 -0.24066 -0.482308 -0.726978 

-0.243178 0.575771 0.106971 0.319669 0.15449 0.358558 -0.163066 -0.983164 0.18738 -0.125444 

-0.9407 -0.366226 -0.889283 0.408826 0.0795378 0.818329 0.692228 -0.00292501 0.145286 -0.710374 

-0.618192 0.957859 0.463225 -0.986713 0.862633 0.443132 -0.241846 -0.726406 -0.72249 0.256358 

0.347852 -0.59528 -0.129926 0.775121 -1.00898 0.909929 -0.0861503 -0.438041 1.50097 -0.54445 

-0.928989 -0.951747 -0.180584 -0.815041 0.447742 0.90704 0.966442 0.212202 -0.119838 0.118208 

0.449427 0.262515 0.0762476 -0.0760283 0.272044 -0.0698809 -0.562324 -0.989825 0.195695 -0.290462 

-0.187524 1.26554 1.06274 -1.07853 -0.0155806 -0.994279 -0.143629 -0.744299 0.238982 -1.3415 

-0.493582 0.264353 -0.853847 0.256747 0.164982 1.18439 0.204553 0.493951 -0.213278 -0.821615 

-0.384362 -0.88595 0.764605 0.658389 0.899508 -0.988987 -1.54105 0.852073 -0.0202469 1.19373 

-0.957606 1.24109 0.604979 -0.75277 -0.903165 -0.0713259 -1.0236 -0.489129 0.143682 -0.053058 

-0.736937 0.86693 -0.238852 -0.600175 0.177339 -0.920706 0.982713 -0.484967 0.671684 -0.325395 

-0.334049 -0.676537 -0.0861297 -0.900966 -0.97575 -0.953609 -0.195793 -0.34485 0.616584 0.51961 

-0.518289 0.896147 0.497596 -0.962949 0.913866 0.566956 -0.0381182 -0.981972 0.708519 -0.745381 

0.375691 0.940234 -0.890587 -0.89368 -0.716482 0.246186 -0.668015 -0.780183 0.819861 -0.96704 

-0.132474 -0.507368 -0.758701 0.780489 -0.330511 -0.617829 0.876842 0.409657 0.0610953 0.511666 

-1.05395 1.36533 0.577065 -0.371114 0.971846 -0.00857568 1.78946 -1.32091 0.456554 0.103538 

-0.239465 -0.265293 0.611087 -0.151338 -0.166777 0.800015 -0.809246 0.129968 -0.905463 0.994102 

-0.257714 0.400706 -0.528567 0.449232 -0.291853 0.208467 0.874902 -0.153443 -0.448398 -0.411197 

-0.76352 0.354381 -0.661195 0.62448 0.757817 0.84795 -0.067278 0.729151 -0.652044 -0.740142 

0.79117 -0.301454 -0.326102 0.753736 0.813092 1.013 -0.384214 -0.849297 -0.282906 -0.058541 

-0.894339 -0.927261 0.992506 -0.41865 0.540978 -0.160644 0.638534 0.367305 0.57332 -0.912953 

-0.783653 0.814567 0.447426 -0.46819 0.43786 0.127101 -0.589493 -0.640347 -0.0673035 -0.254988 

-0.425336 -0.662976 0.889574 0.536886 0.302609 0.759212 0.423034 -0.713202 0.943429 -0.632748 

0.152876 -0.933965 -0.469607 0.391561 -0.516522 0.863059 -0.942201 -0.778673 0.310385 0.5424 

-0.67289 0.529937 0.43972 0.753238 -0.939965 -0.212217 -0.0275886 -0.561491 0.221679 0.88609 

0.194165 0.851678 -0.769712 0.017606 0.451259 0.507369 -0.180156 -0.157028 0.825929 -0.297517 

0.179872 0.0471426 -0.295696 0.587117 -0.735717 0.291059 0.535126 -0.67708 0.517713 -0.150572 

1.35399 0.467384 -1.31959 -0.502013 1.11825 -0.0615041 -0.440302 -0.847925 0.239567 0.629134 

-0.573152 -0.950273 0.300649 -0.359163 0.0640287 -0.326017 -0.759287 0.85378 0.593124 -0.947349 

-0.449086 -0.233741 0.0909041 0.25523 -0.646614 0.355192 -0.45368 0.888494 0.678106 -0.936005 

