0.556218 0.141632 0.27349 -0.706593 0.83596 0.157039 0.1565 0.684215 -0.646497 -0.75958 0.483476 0.450304 0.947228 0.167143 -0.617393 0.806909 -0.479429 -0.78052 0.91999 0.207184 -0.995376 0.660094 -0.700872 0.973774 0.984522 -0.859851 0.263023 0.540638 
-0.595345 -0.719099 0.618197 -0.581128 -0.274094 -0.896913 0.124832 -0.0336738 0.590518 -0.424865 -0.095079 -0.242339 -0.0574704 -0.28817 0.252054 0.16201 -0.367524 -0.540762 0.167766 -0.70743 -0.241634 0.141541 -0.722908 -0.101486 -0.595436 0.817731 0.905487 -0.190781 
-0.814051 -0.239283 0.799728 -0.505626 -0.333622 0.4607 0.510424 0.23592 -0.652117 -0.741542 -0.849779 0.0774507 0.503268 0.340459 0.722237 0.96975 -0.52711 -0.997503 -0.279629 0.649766 -0.715105 0.626631 -0.945421 -0.90268 0.532118 -0.136451 0.23984 0.718506 
-0.999443 -0.940938 0.981347 -0.802706 0.470138 0.433214 0.807667 0.728596 0.611663 -0.114882 0.239108 -0.0478773 -0.404955 0.208858 0.460348 -0.402458 0.936974 0.110115 -0.122868 0.563605 0.164445 -0.0255483 0.0957223 -0.972006 -0.785708 -0.185772 -0.720137 -0.785151 
-0.681037 -0.717452 0.926689 0.778404 0.560397 0.506999 0.0377378 -0.58262 -0.195241 0.945654 0.00756351 0.954965 0.352473 0.609967 0.920101 -0.483883 -0.528257 0.455544 0.662498 0.46155 -0.454759 0.708556 0.676157 0.365494 0.987909 0.890692 0.666696 -0.672656 
0.642051 0.949244 -0.364391 0.590705 0.673838 -0.585987 -0.0274272 0.2061 0.921012 0.966104 0.62348 -0.332881 0.911758 -0.364095 -0.377915 0.317761 -0.754128 -0.485976 0.833878 -0.26703 0.969568 0.51444 -0.80548 -0.479166 0.222995 0.870362 0.886328 0.211414 
0.770958 0.553024 0.525279 0.403105 0.505452 -0.825633 -0.121773 0.176105 -0.382799 0.966382 -0.492321 -0.490609 0.930406 -0.994315 0.139429 0.844245 -0.359506 0.798595 0.10302 -0.112538 -0.686098 -0.0041163 0.620745 -0.717813 -0.489677 0.814952 -0.196979 0.733319 
0.685314 -0.310651 -0.0552672 0.446368 -0.757627 -0.51651 -0.150528 0.744641 -0.342143 0.843282 -0.079254 0.246236 0.809664 0.302951 0.755628 0.742151 0.308637 -0.0678612 0.586396 0.950227 -0.269266 -0.251598 -0.162312 0.0433535 0.744285 -0.54188 0.325541 -0.745391 
-0.726221 -0.871438 0.98003 0.958386 -0.189384 -0.0673397 0.417116 0.0602842 0.374281 -0.745774 -0.217755 -0.925992 -1.11277 0.725671 0.235171 0.907172 -0.0686259 0.0758721 0.656378 -0.662741 -0.992241 0.235719 -0.713374 -0.261255 0.984121 0.125174 0.782099 0.728406 
0.583294 0.107639 0.983015 0.856366 0.236201 0.970942 0.814752 -0.945888 -0.0963973 0.219505 0.114396 -0.680247 0.473731 0.919321 -0.606239 0.571239 0.644991 0.714005 0.478411 -0.326386 -0.210123 0.127735 0.0108725 -0.202112 -0.636546 0.298358 0.536633 -0.652425 
-0.575448 0.318732 -0.867429 -0.993173 -0.581536 -0.941004 0.844786 0.662572 -0.988864 0.677945 0.772956 -0.0664593 -0.428499 -0.16892 0.284236 -0.628819 -0.267954 0.647055 0.94498 -0.604607 0.357861 0.420831 0.0688998 -0.849062 -0.451434 -0.920121 -0.0511742 -0.0879798 
0.378237 -0.514541 0.259595 0.80177 0.804191 0.335576 0.808597 -0.769438 0.394572 0.67179 0.893135 0.42451 0.349735 0.609819 -0.64195 -0.752815 -0.559101 0.611345 -0.381634 0.1913 0.2584 -0.439214 0.586693 -0.38054 0.981617 -0.344301 -0.229603 -0.469817 
-0.26407 0.719223 0.449494 -0.886185 -0.798472 -0.298202 0.915115 -0.991126 -0.964683 0.724181 -0.78329 0.431946 0.404191 -0.867429 -0.128924 -0.254294 0.730426 0.214506 -0.0274405 -0.816711 -0.172079 0.611256 0.374706 -0.91575 -0.84995 -0.0387179 -0.29629 -0.846341 
0.616981 0.474108 -0.316158 -0.647441 0.193331 -0.873955 -0.533626 0.398013 -0.172157 -0.618041 0.406887 -0.134782 -0.89386 0.646323 -0.702837 0.502111 0.778893 0.153619 -0.752183 0.521283 -0.631875 0.240707 0.704572 0.193976 -0.148036 0.0791608 0.278226 0.0240052 
-0.960749 0.981936 0.168844 0.657424 0.438826 0.861506 -0.993823 -0.350625 0.925862 -0.523642 -1.06006 -0.184606 -0.139696 0.454275 0.658121 -0.0355434 0.064083 0.977775 -0.534864 -0.120509 0.0865288 -0.285615 -0.599837 0.49952 0.954953 -0.894654 -0.306505 -0.192944 
0.184507 0.971722 0.831061 0.22495 0.953658 0.0087249 -0.117626 0.409702 -0.129769 -0.107643 -0.940923 -0.142219 0.368715 -0.893535 0.673175 -0.772968 0.56074 0.353787 0.191488 -0.338662 0.331562 0.658056 0.540829 -0.537043 -0.627559 0.941603 0.962476 -0.672467 
-0.951803 -0.344028 0.158645 0.231456 -0.392088 -0.0343499 -0.608109 -0.418649 0.98251 0.338779 1.01656 -0.155394 -0.833841 -0.949871 0.75331 0.599852 -0.839788 0.375562 0.833947 0.717334 -0.269808 0.0183716 -0.621751 -0.939088 -0.323572 0.919501 -0.476131 0.0488687 
0.861104 -0.513655 0.376402 0.908053 0.142316 -0.489009 0.139508 0.770009 0.476641 0.595914 -0.64864 0.451016 -0.0653073 -0.657587 -0.704378 0.165829 -0.607458 0.998009 -0.234319 -0.450864 0.373571 -0.407436 -0.733529 -0.897079 0.610936 -0.354857 -0.836167 -0.712636 
-0.428215 -0.312299 0.341181 -0.574252 -0.000538161 -0.287366 -0.86491 -0.683638 0.24477 0.473309 -0.84571 -0.299733 0.0893757 -0.562268 -0.912159 -0.996084 -0.221111 -0.553095 -0.0314629 0.172687 -0.554943 0.935426 0.721837 0.818485 -0.472106 0.988294 0.921406 -0.861074 
-0.366564 -0.914761 -0.57371 0.19808 -0.22706 0.762522 0.623828 0.946986 -0.524843 0.957628 -0.736651 0.698782 0.430938 -0.65028 -0.600951 -0.499839 -0.212548 -0.449668 -0.495924 0.567596 -0.00276231 0.673821 -0.259717 0.442152 0.609247 -0.537894 0.260637 -0.862763 
-0.558318 0.182044 -0.725647 0.0838356 0.202541 -0.297548 -0.810165 -0.959777 -0.475326 0.905743 1.00119 -0.059869 0.868992 -0.749442 -0.322061 0.29431 -0.399966 0.0379625 0.793806 0.38773 0.588055 -0.701454 -0.0212512 -0.414467 0.972367 0.69561 -0.972316 0.581614 
-0.842285 0.288322 0.71885 -0.391885 -0.529635 0.995013 0.69195 0.737648 -0.302535 0.973866 0.777871 0.162439 0.879609 0.765081 -0.89743 0.742981 -0.984361 -0.258516 0.0372906 -0.384082 0.779446 -0.168239 -0.996352 0.367741 0.130307 -0.0410249 0.953274 0.102674 
-0.345415 0.980958 -0.316213 -0.1877 0.351305 -0.596863 0.42231 0.739645 -0.598626 0.112365 0.480925 0.0956152 0.0884175 0.255165 -0.74902 -0.0341602 0.0200203 -0.639375 -0.292597 0.0358848 0.102109 0.746112 0.651803 -0.118445 -0.422128 0.655451 -0.750704 0.708179 
-0.385574 -0.79743 -0.189147 0.269011 -0.816471 0.49514 -0.918689 0.452809 0.898278 0.501725 0.192454 -0.703572 -0.38591 -0.330252 0.392043 0.70032 0.924913 0.650098 -0.33384 -0.0548419 -0.989277 0.374981 0.981043 0.112832 0.121093 0.632846 0.994387 0.698965 
0.288297 -0.756317 0.407144 0.902723 -0.563326 -0.782003 0.171767 -0.370218 0.713137 0.253044 -0.917402 0.611415 -0.246431 0.275045 0.907843 0.368859 0.944793 0.299886 0.0691793 0.869706 -0.050016 0.735339 -0.147832 -0.039293 0.125707 -0.204093 -0.926461 -0.768587 
-0.571248 -0.932074 0.930378 0.717049 -0.688391 0.337522 0.619771 -0.242137 0.555519 -0.208495 0.387645 0.268656 -0.955451 0.470236 -0.119929 -0.200682 -0.254718 -0.212086 -0.831823 -0.309925 -0.9122 0.237356 -0.44022 0.0377841 -0.0273048 0.374644 0.998491 -0.916984 
-0.829449 -0.92797 -0.697463 -0.400697 -0.860044 -0.755193 -0.72143 -0.548435 0.582329 0.936123 0.209428 0.137848 -0.273486 -0.402927 -0.593496 -0.227823 -0.939734 0.286575 0.571494 -0.187409 -0.925511 0.739671 0.502665 -0.837711 -0.0229733 -0.937554 0.200073 0.949722 
0.43709 0.198564 -0.967262 0.60764 0.270594 -0.652833 -0.793057 0.41055 -0.408026 -0.476705 0.862114 -0.825697 -0.540582 0.071542 0.31215 0.187046 0.668615 0.718654 0.959223 0.735924 0.00522856 0.530718 -0.451485 0.0797172 0.270389 -0.94882 0.242006 -0.752585 

-0.557567 0.550715 -0.776927 -0.0887632 0.372096 -0.678214 0.181317 0.888593 -0.805686 0.343318 -0.651468 0.255443 -0.338872 0.535058 -0.0702949 -0.625878 0.494957 -0.340018 0.380542 0.0249989 0.208696 -0.540932 -0.704613 0.259676 0.701074 -0.457197 0.373301 -0.856848 
-0.0759835 -0.0301852 -0.304968 0.44767 -0.284128 0.336264 0.200719 -0.940811 0.684275 -0.543838 -0.285343 0.219334 0.380219 0.0887791 -0.286385 -0.959799 -0.53187 0.738614 0.248697 -0.0728029 -0.965999 -0.491627 -0.371729 -0.423196 0.881674 -0.228577 0.316744 -0.194309 
-0.711209 0.25025 -0.662105 -0.450713 0.454525 -0.391524 0.33692 0.92395 0.331249 -0.424394 0.318714 -0.588088 0.261506 0.34437 -0.152059 0.0278342 -0.414911 0.807239 0.138576 0.101439 -0.563408 0.638639 -0.00886653 0.206933 -0.0469281 0.788805 0.762151 0.241941 
0.0124014 0.0126005 0.624643 -0.252742 -0.959131 -0.328793 0.556252 -0.383525 0.975376 0.968164 0.905695 0.319746 -0.151794 -0.0664709 0.912812 -0.344555 0.995364 0.0142519 0.0909549 0.634004 0.997366 -0.702113 -0.410613 0.786171 -0.939962 0.831328 -0.536962 0.0724399 
0.473542 -0.468673 0.109691 -0.798895 -0.676838 -0.182421 0.742287 -0.711138 -0.365726 0.0654975 0.173191 0.656803 -0.0289641 0.792514 0.639772 0.992562 -0.125898 0.286172 0.986313 0.181356 0.87805 0.776098 0.239671 0.706886 -0.760999 -0.686165 -0.386429 0.714775 
-0.334255 0.144898 0.875011 0.764913 0.909344 -0.923884 0.535288 -0.769958 -0.106305 0.281039 -0.481095 0.616969 -0.653463 0.655973 0.273773 0.324847 0.448487 -0.0740595 0.317409 -0.668044 -0.787888 0.307337 0.513312 -0.91233 0.083435 -0.245293 0.794557 0.322572 
0.0710292 -0.591873 0.0301834 0.734286 0.568258 -0.0876418 0.476794 0.46237 0.0446495 0.0344866 0.824331 0.882169 -0.669109 -0.788683 0.482946 -0.337937 0.913073 -0.227089 0.978504 0.315777 0.698488 0.304319 0.648065 0.910964 -0.361471 0.161045 0.998634 0.69509 
0.915752 0.793191 0.0176618 -0.0157061 -0.798682 -0.944991 -0.28142 0.754343 -0.0326331 -0.782221 0.216713 0.955841 0.252265 -0.090875 0.83801 0.567791 0.120442 0.337149 -0.770146 -0.0122686 -0.88994 -0.783236 -0.696492 0.808912 0.521083 0.951242 0.719876 -0.867262 
0.114573 0.71851 0.841605 0.0280392 0.524431 -0.15451 -1.01194 0.713018 -0.075954 -0.269087 0.522792 0.867866 -0.294745 -0.315925 0.810684 -0.799043 0.584549 0.661717 0.766985 -0.286359 -0.000403628 0.998603 0.739487 0.108925 -0.784633 -0.995119 -0.107903 0.73645 
0.956123 -0.362287 0.869188 0.0684095 -0.643778 0.697017 -0.903551 0.867922 -0.457493 -0.891218 0.580941 0.443005 -0.160305 0.0483024 0.310871 0.788387 0.732377 0.134578 0.989344 0.325577 -0.203706 0.758093 -0.960782 0.79516 0.756696 0.740591 -0.0959151 0.972064 
0.745731 0.821922 0.653376 0.701595 -0.561859 0.577703 -0.257938 -0.184143 0.228583 -0.133547 -0.333769 0.817226 -0.0127049 -0.73528 0.252252 0.81493 0.317411 -0.428898 0.602439 0.0453994 0.704042 0.592661 -0.628829 -0.498026 0.326785 -0.589805 -0.702867 0.10745 
-0.849214 0.201218 0.0795143 0.896258 0.0231403 -0.211972 0.597853 0.482775 -0.634269 -0.632143 -0.701369 0.64045 0.23431 -0.0175898 0.457676 -0.790456 0.24713 -0.282093 -0.975526 -0.439848 0.289009 0.62779 0.605551 -0.00531148 0.220451 0.976528 0.496662 -0.428795 
-0.613899 0.793796 0.664106 -0.462492 -0.0177442 -0.24183 -0.57597 -0.981846 0.604652 -0.968381 0.476157 0.91193 -0.573462 0.79956 0.381705 0.633786 -0.223052 0.0100558 0.846078 -0.9709 0.731193 0.867804 -0.4717 0.0169717 0.495594 -0.805196 -0.978348 -0.283954 
-0.828668 0.508323 0.287251 -0.441946 0.302118 -0.0340929 0.0955627 -0.702867 0.724077 0.529329 -0.684713 0.270276 0.560948 0.816216 0.182205 0.960425 0.615777 -0.265415 0.594211 -0.602253 0.744641 0.437541 -0.573152 0.472604 0.305345 0.0161 -0.510425 -0.199061 
0.220163 -0.498764 0.520302 0.382235 -0.977441 -0.195764 0.899726 0.311677 0.797537 0.0358524 0.603076 0.494221 -0.429436 0.924096 -0.269884 -0.87387 0.744778 0.946702 -1.02481 0.356089 -0.312387 0.680765 0.754176 -0.574072 0.117951 -0.819316 0.898532 -0.576349 
0.196784 -0.611893 0.22459 -0.592312 -0.110657 -0.258425 0.789923 -0.101099 0.545812 0.730213 -0.789422 0.315955 -0.233935 0.819387 -0.189824 0.331247 0.743483 0.574672 0.457377 0.483796 0.521374 0.543931 -0.160115 -0.797339 0.224697 -0.406279 -0.371411 -0.656997 
-0.222515 -0.472879 -0.243936 0.971189 -0.150879 0.991244 -0.639846 0.804571 -0.314904 -0.8312 -0.301134 -0.72137 0.961051 -0.0859495 0.592449 -0.334923 -0.168228 -0.595239 1.00454 -0.523079 0.983423 0.453701 0.960595 0.500807 -0.00236757 -0.199398 0.703468 -0.777671 
0.394323 -0.667943 -0.434668 -0.831272 -0.140822 0.331985 -0.860083 0.774407 0.323229 -0.481207 0.578978 -0.943953 -0.312407 -0.717549 -0.665322 -0.413395 0.196501 0.929263 0.251682 0.929939 -0.665976 0.248007 -0.59314 -0.686543 -0.298292 -0.632423 0.814264 0.69934 
0.16014 0.517733 0.916731 -0.437498 0.838316 -0.512999 -0.240808 -0.291032 0.786694 -0.128853 -0.417261 0.142214 0.38633 -0.937647 0.249369 -0.922468 -0.650943 0.532939 -0.33623 0.541305 0.461995 0.91582 0.471358 0.796227 0.162694 0.878104 -0.890316 0.865534 
-0.75432 0.923949 0.564874 0.413859 0.441682 0.486543 0.976361 0.291472 0.973543 -0.292409 -0.99956 0.792529 0.578738 -0.516185 -0.0652566 -0.0313225 -0.453832 -0.866995 0.0462099 -0.109028 0.665945 0.710347 -0.567723 0.128147 0.626167 0.90352 -0.0756258 -0.210007 
0.779735 0.0340586 -0.344267 -0.972696 -0.0452608 -0.7796 0.452599 -0.600311 0.665423 0.417525 0.699129 0.680487 -0.870244 0.6916 0.471432 0.703854 -0.84608 -0.592241 -0.327448 -0.278416 -0.459603 0.718741 0.612556 -0.793291 0.429088 -0.955167 0.334856 0.0552551 
0.948353 -0.74077 0.845248 0.729977 0.293289 -0.499225 0.757281 -0.748704 -0.278825 0.198445 -0.349015 -0.571882 -0.38403 -0.657854 -0.891395 -0.258914 -0.966254 0.581621 -0.55506 -0.790838 0.989381 0.117471 -0.0692543 -0.469855 -0.163787 -0.456698 -0.263146 -0.734699 
-0.421314 -0.92829 0.318007 -0.463513 -0.662694 0.165804 -0.729024 0.62423 0.613048 -0.976254 0.876709 -0.612246 0.254796 -0.473488 -0.183915 0.838161 -0.131343 -0.0755223 -0.422063 -0.0975962 -0.517306 0.0241866 0.111566 -0.504521 -0.84245 -0.957689 0.0256243 -0.0221295 
-0.414387 0.762478 0.243171 0.173747 0.834188 -0.436273 0.710234 -0.834871 0.729531 0.976698 0.789359 0.39611 -0.999556 0.664885 0.783864 0.222635 -0.808604 -0.400264 0.0607953 0.0600539 0.524214 0.640042 0.962458 -0.969687 -0.335771 0.0740234 -0.474208 -0.194113 
0.116335 0.551417 0.783757 0.701948 0.306625 0.0269283 -0.124063 0.148083 0.590656 -0.414071 0.313488 0.320187 -0.437372 0.102571 -0.362705 -0.436928 -0.232544 -0.499839 0.785706 -0.0411474 0.0998974 -0.153498 -0.971924 -0.375888 -0.513456 0.981364 -0.372764 0.150772 
0.0553876 0.180217 0.956659 -0.828277 -0.268366 0.740416 0.87367 -0.954471 -0.232656 -0.250635 0.193612 -0.642 0.335294 -0.493175 0.678187 0.897922 0.609396 -0.605516 -0.539006 -0.623148 -0.105355 -0.7533 0.335705 0.994542 0.0932017 0.354611 -0.381347 0.579745 
0.335975 0.273078 -0.269482 -0.608637 -0.546705 -0.312823 -0.436914 0.184929 -0.601918 -0.563244 0.223761 0.194937 0.179402 -0.57593 0.552936 -0.478585 -0.0691049 0.231123 -0.608002 -0.459709 0.625607 -0.119669 -0.0766975 -0.479749 0.127031 -0.747152 -0.485207 -0.779767 
0.607459 0.133446 0.799978 -0.0565654 -0.593475 -0.469504 0.334798 -0.14018 0.217673 0.897883 -0.955251 0.645265 -0.665361 0.275207 -0.159799 0.52076 0.699277 -0.606862 -0.957824 -0.369828 0.624261 -0.538487 0.170464 0.249867 0.341844 -0.912393 0.770118 -0.531125 

-0.714724 0.947914 -0.511869 0.824883 -0.78938 -0.315298 -0.776754 -0.875971 -0.248258 0.88252 -0.542726 -0.995342 -0.271519 0.979429 0.727107 0.115859 -0.985393 -0.665892 -0.283873 -0.516883 0.504072 0.989987 0.824961 0.592178 0.760106 -0.706163 0.932633 -0.954983 
0.880547 0.472032 0.288258 -0.00195749 -0.271131 0.122072 -0.297588 -0.38861 0.58074 -0.29293 0.334111 0.560169 -0.588995 -0.55003 0.581773 -0.254887 0.19009 -0.93511 -0.750315 0.180078 0.889852 0.841863 -0.0598161 -0.816312 0.774496 -0.0147987 0.166633 0.655044 
-0.35943 0.736835 0.427409 0.859149 -0.579209 -0.529462 -0.847986 0.119276 0.812302 0.687964 0.675096 -0.74538 0.29922 -0.724605 0.450897 0.334627 -0.437227 -0.375212 0.207386 -0.633058 0.558487 0.408167 -0.858904 -0.449827 -0.4252 0.796483 -0.0012499 0.213465 
-0.264415 0.648405 -0.797107 -0.142414 -0.676746 0.976862 -0.521919 -0.988782 0.507143 -0.267299 0.280955 0.782538 -0.822589 -0.384418 -0.692382 -0.1978 0.840061 -0.32544 -0.632828 0.248228 -0.184001 -0.0826547 0.823028 -0.387518 0.916095 0.0364928 -0.164096 -0.34832 
-0.530779 0.583131 0.946176 0.00302354 -0.25293 0.0142419 0.38882 0.467345 -0.755844 0.221189 0.506922 -0.0892207 0.52254 -0.553044 -0.416913 -0.796633 -0.163939 0.999068 0.0358557 0.731473 0.831091 0.631847 0.648004 -0.141412 -0.523251 -0.700752 -0.761175 -0.0479391 
0.396308 0.821956 0.63183 0.350953 -0.921482 -0.365147 0.28246 -0.186838 0.649095 -0.278889 -0.719493 0.944292 0.9423 0.925263 -0.144928 0.471106 -0.627782 0.605912 0.674473 0.186346 0.604979 -0.306162 -0.082181 0.427075 -0.674315 -0.434613 -0.714337 -0.206563 
-0.135902 -0.475512 0.739729 -0.739056 -0.636193 0.377328 0.564239 -0.575037 -1.00308 -0.105643 0.20981 0.661277 0.684119 0.518631 0.550162 0.557768 0.442106 -0.539359 0.0190447 0.816112 -0.936115 -0.296653 0.00259271 0.671531 0.397185 0.920277 0.0986061 0.722871 
-0.514335 0.384269 -0.483692 0.350301 0.908757 -0.738194 0.611245 -0.744799 0.639133 0.223142 -0.319836 0.651315 -0.882501 0.918289 0.312591 0.732967 0.43692 -0.08184 0.290735 -0.119186 0.3788 -0.68039 -0.303073 0.445353 0.0229566 0.699385 0.116884 -0.579858 
0.61763 -0.78451 -0.854873 -0.894673 0.621144 -0.340679 0.435391 0.508516 -0.0470906 0.0668728 0.839325 -0.43974 -0.674898 -0.556118 -0.923548 -0.592487 -0.641376 0.524165 -0.86017 0.799091 -0.558756 0.431216 -0.319974 0.821126 0.750825 0.376832 0.266478 -0.226218 
0.0762169 -0.616638 0.193924 -0.304121 -0.401147 0.336937 -0.198793 -0.801388 0.996257 -0.743165 0.707128 -0.0826164 0.323708 0.470846 0.477643 0.613722 0.914728 0.689217 -0.978764 -0.723101 0.213383 -0.838284 -0.92401 0.655708 0.592932 -0.244105 0.476833 0.343757 
-0.905432 -0.256688 -0.86579 0.208944 0.130121 0.311462 0.933686 0.725527 -0.183017 -0.29397 0.910984 -0.355344 0.015211 0.631267 0.566118 -0.713427 -0.128882 0.0396828 0.893861 0.0168415 -0.271227 0.921531 0.293928 0.942283 -0.870899 0.36973 0.59799 0.676179 
-0.874374 0.0748238 0.0199352 -0.741647 0.818135 0.137474 0.467296 -0.0551904 -0.551064 0.37212 -0.329663 0.0973343 -0.92185 -0.405525 0.74199 0.0410155 -0.774257 0.30403 0.327589 0.327856 -0.656287 0.227884 -0.655303 0.0726129 0.149415 0.638438 0.0148956 0.232662 
0.00831608 -0.387114 -0.0921092 0.133794 0.699027 0.928776 0.37594 0.505845 0.0572717 -0.140557 -0.565225 0.515185 -0.766251 0.120992 -0.409687 -0.690287 0.726612 -0.64549 0.347474 0.94121 0.652019 -0.321683 0.26834 -0.997747 0.906201 0.613763 0.0748655 0.0556167 
0.252201 -0.910239 -0.711721 -0.739631 -0.297353 0.19712 0.394163 -0.609643 0.125896 -0.213691 0.896203 -0.807854 0.645752 -0.653142 0.707331 0.877315 0.467849 -0.68015 -0.812972 0.183316 -0.32564 0.537756 0.124526 -0.6671 -0.783927 -0.606409 -0.664847 -0.877726 
-0.987695 0.410018 0.171629 0.259556 0.544281 0.46617 0.532031 -0.797573 -0.267271 -0.0859122 -0.424942 0.789186 0.681182 -0.511013 0.933166 0.346149 -0.171641 0.688663 0.226103 -0.696307 -0.988467 0.410492 0.486555 -0.317126 -0.0518139 -0.388465 0.0237489 0.164321 
0.00512655 0.350927 0.286596 0.0124811 -0.239055 -0.535513 -0.727963 -0.739275 0.930657 0.791962 -0.536848 -0.406053 -0.293951 0.0559357 -0.616866 -0.593553 0.544922 -0.635534 0.752596 -0.619234 -0.946871 -0.0239395 -0.315541 -0.938357 -0.613447 -0.828531 -0.255483 0.334801 
-0.218563 0.760291 -0.489523 0.78813 0.116249 0.785718 -0.184703 0.872163 -0.737319 0.0726483 -0.861607 -0.819139 0.0457365 -0.40396 -0.319907 0.570659 0.664327 0.157943 0.979929 0.196898 0.525611 0.729702 0.576965 0.575538 -0.294238 -0.737876 0.648408 0.092315 
-0.566408 -0.618303 -0.572884 0.216596 -0.858012 -0.0737622 0.00472686 0.253206 -0.288045 0.805338 0.125369 -0.0378401 -0.122013 0.258257 0.143021 0.742597 0.854297 0.91783 0.313256 0.506273 0.0757728 0.290361 -0.296829 -0.401819 0.0200633 -0.719165 -0.826281 0.725826 
-0.455368 0.810899 -0.185361 -0.0234488 -0.954546 0.245256 -0.817189 -0.665416 -0.874543 0.197874 0.603613 -0.11655 -0.0391683 -0.286841 0.843007 0.8812 0.974308 -0.011369 0.623626 0.825713 -0.157034 -0.0629481 0.332304 0.982234 -0.772704 -0.964843 -0.419585 0.247477 
-0.684008 -0.245866 -0.0266976 -0.141049 -0.434966 0.791443 0.835502 -0.24237 0.0366995 -0.97135 0.092214 0.208194 0.226524 -0.319996 -0.908356 -0.770263 0.393162 0.937253 -0.889063 0.364578 -0.0741158 0.734733 0.190292 0.832345 -0.328215 -0.477722 0.814579 -0.100802 
-0.433269 -0.605005 -0.754812 -0.126572 0.151833 0.119978 0.724147 0.714163 -0.139228 0.567881 -0.53437 0.94812 0.597955 0.564007 0.156858 -0.176944 -0.658038 0.247958 0.0527933 0.637173 0.185256 0.16373 0.00175144 -0.888905 -0.0993738 -0.807957 0.94344 0.570249 
-0.285679 0.75802 -0.530553 0.271757 -0.846986 -0.383878 -0.854815 0.302144 0.7361 0.877564 0.0163064 -0.35248 0.445446 0.488099 -0.40436 0.041977 0.052106 0.751954 0.865033 0.296117 -8.80291e-05 -0.0821737 -0.0667105 -0.814877 -0.918443 0.935041 -0.703782 -0.0199799 
-0.878696 -0.760342 -0.494995 -0.158594 1.00638 0.0197158 -0.888911 -0.849308 0.639437 -0.741652 0.521509 0.371938 -0.946495 -0.530858 -0.981318 0.581357 0.957241 -0.384902 -0.378556 0.00934715 -0.632947 -0.511633 -0.694536 0.366965 0.408096 0.238753 0.552088 0.48775 
0.173794 0.848305 -0.53223 0.300878 -0.912037 0.018039 -0.857716 -0.914359 -0.962245 -0.744553 -0.763667 0.673593 -0.486205 0.689169 0.0455304 -0.350294 -0.841689 0.0649884 -0.768936 -0.884448 0.680087 -0.145602 0.124899 -0.95286 0.342765 0.430363 0.414104 -0.251041 
-0.330884 -0.0338079 -0.763291 0.84291 -0.185722 -0.295521 0.143871 -0.0975394 0.722518 0.286072 -0.0112169 0.760273 0.541519 0.224435 0.433866 -0.944686 -0.0615451 -0.520604 -0.29498 0.0719137 0.544385 -0.0639158 0.211131 0.224471 0.790482 -0.687636 0.265988 0.133248 
0.742727 -0.314284 0.882206 -0.588158 0.651908 -0.881084 -0.745248 -0.533595 -0.176605 0.398541 0.368866 -0.454087 -0.315387 -0.643033 -0.693814 -0.773868 0.581402 0.740052 -0.718554 -0.504995 -0.780552 -0.0135331 0.566918 0.763833 0.922551 -0.245616 -0.0116957 0.713033 
0.0875414 -0.740085 -0.153719 -0.190525 -0.0533925 -0.271513 0.221317 -0.402461 -0.152597 0.476069 0.0639436 0.670798 -0.12539 -0.567191 -0.783289 0.559223 -0.23197 -0.477103 0.785356 -0.628822 -0.750363 -0.933198 -0.116364 -0.517603 0.0532689 -0.566899 -0.78593 -0.02418 
0.187485 0.234534 -0.311147 -0.745767 0.49445 0.535134 0.0637077 -0.559919 -0.736379 -0.714975 0.0376194 0.111024 0.761094 -0.898437 -0.218178 -0.364296 -0.465628 -0.00146746 -0.805073 0.324148 0.521429 0.980283 0.695326 0.784378 -0.952915 -0.438491 -0.733224 0.100354 

-0.486907 -0.817905 -0.2337 0.24199 0.497447 0.68207 -0.444898 0.785061 -0.305159 0.674807 0.466631 -0.178747 -0.552716 -0.818141 0.36537 0.455161 -0.617616 -0.320227 -0.021502 -0.642931 -0.65021 -0.239031 -0.595846 -0.0633915 0.0277445 0.504507 0.931219 0.54075 
-0.886686 -0.654292 -0.469721 -0.950322 0.209652 0.834739 -0.0679607 -0.115541 0.380894 0.753292 0.341087 0.562753 0.108917 -0.203752 0.939539 0.78869 0.772839 -0.703392 -0.836211 -0.466192 -0.299238 0.100398 0.561553 -0.794731 0.0316165 0.102303 0.78595 0.144931 
-0.872282 -0.079128 0.750253 0.98718 -0.915593 -0.128361 -0.00505377 0.818553 -0.783696 -0.477363 -0.0701353 0.00897451 -0.565666 -0.283841 -0.243863 -0.241215 -0.132173 0.315622 0.455183 0.980347 -0.136334 0.664816 0.0511009 0.979477 0.450766 -0.843106 -0.629931 0.582425 
0.290941 0.595718 -0.652867 -0.510576 -0.865407 -0.692023 0.431498 -0.34277 0.235447 -0.559528 0.119406 0.951606 0.222286 0.878191 -0.168445 -0.462092 0.337737 -0.188098 0.415082 0.00255319 0.823865 0.394558 -0.546681 0.980759 0.764628 -0.964256 0.832225 0.055569 
0.426035 -0.25717 0.961936 -0.262756 0.375546 0.394474 0.516647 0.833573 -0.468168 0.464187 0.0465839 -0.607929 -0.717293 0.593766 0.698451 0.107644 0.00603916 -0.267638 -0.064217 -0.596594 0.190746 -0.0877331 -0.831802 0.221425 -0.268508 0.223603 0.605008 -0.827565 
-0.296665 -0.640047 -0.224914 -0.327509 -0.678445 0.51233 -0.0503752 0.714656 -0.0931968 -0.537795 0.548228 0.420683 0.926392 -0.395913 0.812754 -0.777866 -0.802147 0.542562 0.329777 0.2067 -0.725076 -0.738714 0.610106 0.460605 0.173553 0.77814 -0.31797 0.918045 
0.00465038 -0.700847 -0.908272 0.705078 -0.379272 -0.134435 -0.809853 -0.0193386 -0.629292 0.327194 -0.26621 0.284698 0.777481 -0.756455 -0.157987 0.715791 -0.276459 -0.481865 0.929508 0.045484 -0.905925 0.267702 -0.748825 -0.664378 0.528988 0.862291 0.796226 -0.29746 
0.640431 -0.521743 -0.379415 -0.357826 -0.22259 -0.288936 -0.652748 0.436516 0.57663 -0.275179 -0.582823 0.954525 -0.947984 0.112494 0.239223 0.841415 0.356039 0.944604 0.557206 -0.79633 -0.53726 0.495131 0.249154 -0.476563 -0.237167 0.501339 -0.140941 -0.708179 
0.364731 -0.344715 -0.0209094 0.0040601 0.140394 0.614945 0.641752 0.910952 -0.706624 0.993486 0.281594 0.902639 -0.3048 0.764644 0.757906 -0.229677 -0.122375 0.096387 -0.380314 -0.766823 0.123222 -0.831056 -0.619207 0.503731 0.664074 0.686002 -0.94912 -0.573093 
0.18734 -0.113773 -0.281272 -0.44903 0.541513 0.713089 0.55503 -0.324945 0.328034 0.201264 -0.413994 0.654044 0.19475 0.933473 0.556683 0.913057 0.698118 0.413847 -0.31662 -0.424744 -0.489766 0.295117 -0.191567 0.551225 0.464061 0.24528 0.0549563 0.128135 
-0.0712722 0.0821246 0.582126 -0.881378 0.927375 -0.72623 -0.309092 0.509864 0.916208 -0.775379 -0.920847 0.314893 0.262161 -0.229075 -0.012285 -0.379365 -0.369441 -0.47438 -0.346957 -0.597484 0.936935 0.217072 -0.0225558 -0.550299 -0.487811 0.786205 -0.999074 0.97625 
0.0314845 0.0558823 0.104385 0.962766 -0.861993 -0.340572 -0.918612 -0.893641 -0.0668014 -0.24902 0.616223 -0.0799424 -0.0243986 0.801142 -0.765049 -0.598513 -0.427933 0.203887 0.0221216 0.276466 0.729507 0.555814 0.678982 0.668974 -0.227115 -0.343246 -0.881326 0.285074 
-0.554303 -0.8804 0.235134 0.474443 0.166862 -0.63429 0.420634 0.31349 -0.0190935 0.518597 0.420012 0.958337 -0.64331 0.0360715 -0.168422 0.245179 -0.340074 0.113345 0.564304 0.409281 -0.595095 -0.331213 -0.375798 -0.95326 -0.762011 -0.635271 0.727544 -0.00251401 
0.0214825 0.834388 -0.71744 0.464441 0.953988 0.543885 -0.061116 0.129471 0.909595 -0.623907 -0.557039 -0.0652669 0.894691 0.862809 -0.10693 -0.835732 -0.101119 0.771464 0.409447 0.736094 -0.115191 0.0561121 0.145375 0.202042 0.724899 0.831121 0.248781 0.9495 
-0.801141 -0.0355051 -0.0661634 0.217333 -0.21823 0.229546 -0.210102 -0.247129 -0.344674 0.620658 0.891848 -0.316974 0.996265 -0.674697 0.580812 0.891441 -0.98979 -0.489171 -0.942673 0.0869932 -0.714282 0.465156 -0.17741 0.167102 -0.478586 0.968462 -0.617787 -0.753833 
0.799584 0.617925 -0.804333 0.995434 -0.41758 0.142653 0.212766 0.381303 -0.627801 0.89454 -0.865826 0.14563 0.515198 -0.983483 0.828656 0.511948 -0.65818 0.446415 0.40339 -0.470067 0.957244 0.459099 0.616926 -0.760463 -0.0757457 -0.559987 0.40664 0.445522 
-0.580183 0.775783 0.692273 -0.791941 0.406875 0.887356 -0.7756 0.976129 0.0164922 0.41626 0.301197 0.402207 0.423618 0.491606 -0.540013 -0.174003 0.514582 -0.623507 -0.664251 0.849943 0.827231 0.741335 -0.620228 0.780153 0.200434 0.996802 -0.98031 -0.875312 
-0.563185 0.42633 0.57021 -0.154709 0.202113 0.261899 0.0533499 -0.404178 0.149255 0.256843 -0.42805 -0.820737 -0.326897 0.929382 0.58147 0.983902 0.420988 -0.870693 -0.1901 -0.0708891 -0.494199 0.147845 -0.220946 -0.671291 -0.110819 0.15893 -0.891137 -0.910386 
0.142216 -0.871447 -0.779412 0.592547 0.581721 0.784512 -0.60146 -0.243004 0.0587561 0.491187 0.329892 -0.804334 -0.273422 0.924769 -0.600879 0.421133 0.832668 0.956399 0.403834 0.275139 -0.914293 -0.785065 -0.817564 -0.408493 0.363311 -0.0166963 -0.0575769 -0.748039 
-0.857766 0.0290792 -0.658424 0.297965 0.157632 -0.444122 -0.109488 -0.287485 -0.65961 0.32835 0.469511 0.386802 -0.180463 -0.177671 0.582468 0.567567 -0.252902 0.957397 -0.0112994 -0.398751 0.913796 -0.606264 0.876387 0.999503 -0.391328 -0.919363 -0.40899 0.971452 
0.0674054 0.511226 -0.780144 0.206174 -0.589066 -0.435011 -0.560189 0.697938 0.121893 0.394652 -0.582544 0.461257 -0.27238 0.879964 -0.152688 0.542538 -0.168704 -0.569473 0.10067 0.449391 -0.612573 -0.901194 -0.94936 -0.69828 -0.507458 0.927027 -0.698778 0.101214 
-0.992336 -0.107768 0.0726665 0.0716051 -0.596542 0.29608 -0.722221 -0.0562363 0.861069 -0.218081 -0.358299 -0.0180634 -0.823429 0.052154 -0.556806 -0.100428 -0.067882 0.291253 -0.557889 0.634411 0.72178 0.552216 0.0838026 -0.890297 0.651022 0.134443 -0.588577 -0.856435 
0.0614699 -0.287355 0.243712 0.0691342 0.612384 -0.682555 -0.861383 -0.991665 0.688412 -0.581481 -0.0483995 0.474595 0.117289 0.5938 -0.543568 0.377009 -0.354046 -0.100274 -0.781985 0.578072 -0.797639 -0.281308 0.212483 0.912759 -0.729091 -0.703714 -0.986613 0.921931 
0.430728 -0.566115 -0.934504 -0.507802 0.14653 0.310275 0.561332 -0.248594 0.62772 0.702072 -0.240259 0.241246 -0.879409 0.711839 -0.284159 0.321029 0.305639 0.172373 -0.301962 0.951593 -0.927901 -0.0253807 0.529665 -0.736923 0.693312 -0.257852 -0.824164 0.96422 
0.0384339 -0.801702 0.886151 -0.530838 -0.368361 0.951647 -0.0387363 0.778712 0.261964 -0.477307 -0.46962 -0.110358 -0.748194 0.289859 -0.913135 -0.654645 -0.00629952 -0.153271 0.659101 -0.692662 -0.980898 -0.635579 -0.734816 -0.908799 0.339041 0.788596 -0.662955 0.0323523 
-0.469256 -0.469886 -0.00342768 0.569178 -0.271588 -0.117277 -0.96166 0.360594 -0.16563 -0.000299468 0.139306 -0.903708 0.522393 0.669425 -0.0140656 0.747158 -0.0407162 0.116823 -0.907487 0.960982 0.963552 0.758897 -0.73168 0.982654 -0.876682 -0.472749 -0.926145 0.462359 
-0.684153 -0.571867 -0.518158 -0.153409 -0.041753 0.491284 -0.584231 0.686659 -0.6295 -0.545891 0.0472533 0.208377 0.453809 -0.81344 0.30467 -0.0237975 0.855984 -0.709396 -0.288651 -0.184732 0.407427 -0.184126 -0.22375 0.370979 -0.425229 0.0445705 0.353633 -0.301911 
0.571821 0.427488 -0.839552 0.887668 0.855621 -0.344841 -0.265741 -0.186132 -0.853557 0.150027 -0.499474 -0.47955 0.604136 0.54778 0.728827 0.057945 0.734339 0.033497 -0.965852 0.590324 0.324101 -0.242492 -0.594408 -0.268472 0.573382 0.181842 -0.897494 -0.851848 

0.456427 0.798234 0.00664443 -0.260753 -0.584313 0.553115 0.806166 0.570189 -0.999487 -0.671259 0.229422 0.601421 -0.875182 -0.767731 0.32622 0.0910654 -0.685239 -0.0739157 -0.589518 0.0239251 0.320787 0.146694 -0.402693 -0.486482 0.249201 -0.254541 -0.260069 -0.29466 
-0.461834 -0.401611 -0.671786 -0.355771 -0.931472 -0.785582 0.93497 -0.602731 0.388742 0.536391 -0.545162 0.621012 -0.127849 0.545903 0.887429 0.798236 0.96107 -0.0886464 0.129912 0.107764 0.50866 0.64343 -0.643036 -0.745881 -0.616638 0.0623041 0.845819 -0.0784727 
-0.554775 -0.0205157 0.778531 -0.227026 -0.20095 0.170244 0.377704 -0.667826 0.614113 0.0139956 0.168752 0.170985 0.0860169 0.00256099 0.135528 0.812778 -0.910021 -0.760182 0.328647 0.775903 -0.40873 0.575557 -0.84068 0.659087 0.421377 0.0807923 -0.689643 0.865585 
0.289841 -0.983788 0.343005 -0.053563 0.413438 0.278611 -0.861669 -0.572567 -0.517064 0.309315 0.328857 0.485497 -0.55863 0.141635 0.61797 -0.318812 -0.536927 0.393873 0.27797 -0.961369 0.553138 -0.0629429 0.460008 -0.366069 0.247414 0.325593 -0.139682 -0.462744 
-0.115236 0.238629 0.6388 -0.689578 0.863594 -0.262145 0.363655 0.199524 -0.914393 -0.118609 0.537595 0.208348 -0.482879 -0.677919 0.700163 0.893234 0.601457 0.710052 0.45005 -0.462891 0.0895672 -0.919697 0.784689 -0.504348 -0.0593791 -0.678221 -0.608724 0.817151 
0.00968899 0.629905 -0.285865 -0.355964 0.381783 0.0245564 0.556994 0.271992 0.762411 -0.0471123 -0.528484 0.829124 0.834278 -0.88759 0.0374714 -0.666361 -0.565509 -0.291108 -0.773127 -0.965457 -0.581056 0.673245 -0.428348 0.589003 0.753547 -0.643825 -0.915345 -0.305832 
-0.310583 -0.524069 -0.47829 0.687643 -0.928509 0.225454 -0.638619 0.487619 -0.693483 0.888673 -0.279633 -0.987578 -0.155289 0.231127 0.865236 -0.324161 0.316125 -0.120983 -0.00169359 0.778028 0.613454 0.236351 0.812441 -0.993147 -0.0904047 -0.615777 0.591548 -0.336857 
-0.259602 0.680511 0.357311 0.418352 -0.843559 0.86863 0.105995 -0.737723 0.0940845 0.437674 0.749896 0.344095 0.326347 -0.490493 0.356517 -0.832093 0.740634 0.198062 -0.156254 0.0841711 -0.922921 0.853224 -0.137801 0.664988 0.0895745 -0.32523 0.671841 0.99917 
0.0597179 0.267697 -0.317699 0.79939 -0.142695 -0.980376 0.23885 0.104649 0.864013 -0.676263 0.35678 -0.0176614 0.759825 0.116822 -0.749988 0.0877571 0.60441 0.68295 0.300509 0.366964 -0.118941 -0.90059 -0.560352 -0.041908 0.952634 0.313334 -0.37692 0.0422088 
0.988104 -0.705078 0.0413786 0.0470964 0.562619 0.703691 -0.153513 -0.489173 0.723315 -0.935771 0.615476 0.611569 -0.612034 -0.0175978 -0.406093 -0.850624 -0.900775 -0.0796592 0.237133 0.725554 -0.396709 -0.507203 0.0925178 0.484304 -0.407792 0.543653 -0.557604 -0.455158 
-0.155057 0.0654763 0.564634 -0.15491 0.365719 -0.371571 0.92084 -0.0769829 -0.669921 -0.261326 0.413396 -0.944565 -0.261506 0.04932 0.691188 0.190868 -0.977335 -0.739089 0.340403 -0.869053 0.180438 -0.422623 0.89157 0.784543 0.0565145 -0.0509814 0.26603 0.662382 
-0.507329 0.711243 -0.792776 0.349658 -0.223281 0.794275 -0.805252 -0.862883 -0.577295 -0.913065 0.0601341 -0.245175 -0.174391 -0.506022 -0.18974 0.628511 0.543298 -0.522736 -0.180621 0.57502 -0.261825 -0.840377 0.705967 0.919427 -0.263 0.562468 0.70397 0.807175 
-0.489231 -0.0271835 0.48147 0.00415781 -0.277093 0.676781 -0.75471 0.460778 0.421924 -0.451436 0.583178 0.893761 -0.327621 -0.341971 -0.374078 0.461109 0.266039 0.458846 0.0961946 -0.304694 0.940149 0.908999 -0.728733 -0.325715 -0.931377 0.976293 -0.406289 -0.194377 
0.538761 -0.702319 -0.387202 -0.949753 0.270497 -0.917645 0.0544049 0.954556 0.759136 0.408221 0.415335 0.230193 0.956785 0.0132298 0.123954 -0.407715 0.671259 0.772539 -0.946607 -0.176733 0.231385 0.143013 0.518572 0.167495 0.0520128 0.788898 0.84178 0.120636 
0.763536 -0.564509 0.896933 0.303951 -0.41929 -0.460943 0.281377 -0.996331 -0.618276 -0.591397 0.972235 -0.619451 0.895503 0.37356 0.5848 0.773609 -0.599818 -0.265305 -0.49712 -0.941951 -0.494688 -0.580713 -0.117397 0.73862 0.561651 -0.600113 -0.0938846 -0.385687 
-0.811215 -0.252105 0.734949 0.953976 0.183386 0.661208 0.257927 0.916557 -0.799735 -0.387874 0.920226 -0.178322 0.0207291 0.878451 0.202227 -0.162447 0.252011 -0.187031 -0.388838 0.638801 0.547664 -0.0229443 0.696849 -0.945101 0.396343 -0.421835 0.793519 -0.0413569 
-0.0115972 -0.300365 0.557305 0.166838 0.415624 0.307905 0.169943 -0.369084 -0.051831 -0.621259 -0.444005 0.169378 0.0143308 -0.532301 0.993639 -0.988404 -0.591568 0.193283 -0.151039 0.598162 -0.995952 0.460311 0.237334 0.553916 -0.562633 -0.066188 0.608815 0.83371 
0.511977 0.402334 -0.207647 -0.509971 -0.898031 -0.634691 0.656867 0.549499 0.673214 -0.222319 -0.819585 -0.357673 0.156422 -0.272112 0.811705 -0.852711 0.195587 0.802761 -0.841115 0.541738 -0.00395569 0.00803387 0.1399 0.0022959 -0.531655 -0.623138 -0.443788 -0.0942881 
0.297952 -0.834974 -0.142109 -0.177349 0.568689 0.531774 0.307534 0.66933 0.868173 -0.0304534 0.238443 0.570297 0.732668 0.399243 -0.785051 -0.0963512 -0.768472 -0.97567 0.0506248 0.322718 0.827091 0.209822 -0.135446 -0.176864 -0.782558 -0.995645 0.804103 -0.313799 
-0.618783 -0.618357 0.591913 0.691891 -0.45333 -0.668666 -0.485458 -0.88597 0.863109 0.827222 0.78336 0.760192 -0.203232 0.00218827 0.330489 -0.456005 -0.598569 0.543113 0.447644 -0.471438 0.567443 -0.501418 0.85128 0.394534 0.708404 -0.284264 -0.78233 0.92626 
-0.28458 -0.956899 -0.383933 0.101308 -0.475138 -0.795626 -0.199009 -0.0285863 -0.29797 0.307741 0.100544 -0.601183 0.134271 -0.131196 -0.842244 0.931731 0.9672 0.489498 -0.589159 -0.727577 0.0326584 0.923371 -0.199014 -0.399946 -0.578047 -0.347734 0.994588 -0.869643 
0.368001 -0.787742 -0.943383 -0.911908 -0.744641 -0.330922 0.1894 -0.319897 -0.126548 0.9826 0.651517 0.409161 0.290341 -0.263039 0.807978 -0.574697 0.605765 0.966987 -0.642965 0.476756 0.456484 -0.167239 0.74918 -0.510905 -0.243868 -0.449835 0.0891491 0.178085 
0.202431 0.0837373 0.309317 -0.429568 0.284289 0.365058 -0.335406 0.551354 -0.954257 0.847925 -0.916751 -0.0924117 0.829029 0.882975 -0.682805 0.120865 -0.380064 -0.875273 0.493264 -0.7743 -0.908287 0.903203 0.702457 0.548198 -0.261265 0.451637 -0.962707 0.492097 
-0.998198 0.126442 -0.329818 0.204233 -0.789821 0.978623 0.774665 0.506175 0.343681 -0.56681 0.057529 0.377818 -0.718885 0.288987 -0.714594 -0.88836 0.171962 -0.397845 0.232505 0.791897 -0.273118 -0.221326 -0.982402 -0.181405 -0.318123 0.720055 -0.633208 0.417842 
0.171691 -0.595915 -0.0669205 0.173493 0.54233 0.58012 -0.621904 0.740706 0.558715 -0.847609 0.247087 -0.0975753 -0.414419 -0.69559 -0.724124 -0.133304 0.593397 -0.434352 -0.0340126 -0.234642 0.174563 -0.789159 -0.442744 0.894685 -0.0104851 -0.425147 -0.28672 0.671392 
-0.705092 0.0800723 0.0892337 0.466599 0.484157 0.999172 -0.359908 0.0146845 0.579292 0.0178186 -0.244609 0.138035 0.17021 -0.997728 -0.95954 0.755791 -0.693319 -0.679298 -0.377512 0.900078 -0.113649 0.600824 -0.334564 -0.945846 0.811665 0.222692 0.948839 -0.19882 
0.797545 -0.337881 -0.527428 -0.907547 0.742191 0.561805 0.544139 0.226349 0.560977 -0.800856 -0.758967 0.14027 0.209482 -0.00357608 -0.732844 -0.612827 0.00159862 -0.681235 -0.870082 0.305377 -0.360533 -0.234548 0.205455 0.525818 -0.632989 0.870891 0.584922 -0.822059 
0.0935824 0.528811 -0.0208794 -0.108873 -0.80907 0.451692 -0.01642 0.933121 0.0134977 -0.457368 0.15947 -0.425525 -0.258224 0.400503 0.714745 0.95874 -0.603073 0.99305 -0.654087 0.395623 -0.688185 -0.511123 -0.299001 -0.0487179 0.254329 0.906454 -0.5229 0.620605 

-0.942534 -0.129072 -0.218499 0.776814 -0.25628 0.709936 0.247879 0.288267 -0.123797 0.817332 -1.04239 -0.730091 0.55174 0.988783 -0.330383 0.525126 -0.654436 -0.937542 0.833368 -0.176427 -0.264838 -0.211777 -0.922098 -0.330088 0.257903 0.698507 -0.552743 0.322396 
0.318185 -0.72528 -0.314905 0.825874 0.746936 0.114141 0.264436 0.564268 0.144184 0.534345 0.0963447 0.132967 -0.79882 -0.378529 0.467663 -0.736362 -0.541588 -0.708765 0.0270961 0.246635 -0.630862 0.697008 -0.488041 -0.932355 -0.855735 0.834355 0.564699 0.46245 
0.838421 0.42773 -0.631902 -0.909565 0.075928 0.654703 -0.341385 -0.37846 -0.269943 0.759855 -0.135873 0.372518 0.236021 0.0863592 0.775969 0.518753 -0.902259 0.0775654 0.858961 0.810463 0.580947 0.955535 0.954781 0.423879 0.546685 0.417178 -0.833486 0.359653 
0.594243 -0.67157 0.793586 -0.495801 -0.561979 0.125739 -0.800664 -0.802124 0.94846 0.571855 0.425393 0.0348194 0.402785 -0.0558547 0.148275 -0.51965 -0.167965 -0.041262 -0.930126 -0.21243 -0.0865336 0.493753 -0.692196 -0.669356 0.660267 0.667457 -0.709489 0.25451 
-0.383176 0.164194 0.198378 -0.131905 -0.177535 0.065971 -0.759995 -0.616327 -0.512772 0.284731 0.79843 0.435509 -0.544618 -0.733191 -0.741481 0.391744 -0.669673 0.055115 -0.687198 0.830436 0.363078 -0.364145 0.490576 0.0303761 -0.0737878 -0.254788 -0.599016 0.545307 
0.416725 0.565178 0.975381 -0.407562 -0.822339 -0.156524 -0.106111 -0.0105198 0.909447 0.143801 0.373154 -0.599189 -0.571468 0.159612 0.83632 -0.138462 0.42642 -0.896135 -0.746718 0.763103 0.15898 -0.441507 0.593539 -0.478101 0.194348 0.0842413 0.552275 -0.879286 
0.811259 0.953259 0.665763 0.246179 0.519444 0.641402 0.824142 0.696099 -0.468844 -0.267494 -0.321817 -0.605675 0.891637 -0.941267 -0.202995 -0.695161 0.227781 -0.368543 0.17275 -0.355235 -0.267312 0.41966 -0.591455 0.894301 0.978153 -0.998593 -0.5838 0.172501 
0.0856486 0.968475 0.293215 -0.0848979 0.921734 -0.0407648 -0.838719 0.440172 -0.399363 0.999897 0.136271 0.0855146 -0.267597 0.82185 0.47984 -0.39129 0.880583 -0.725024 -0.0864504 0.0989273 -0.0935673 -0.920073 0.743692 0.641754 0.499588 -0.848439 0.536055 0.477741 
-0.849924 0.952256 -0.358365 0.238617 0.932987 0.943457 -0.836732 0.842465 0.0235731 -0.685 0.301444 0.503329 -0.815196 -0.581091 -0.471531 0.0473003 -0.764047 -0.931317 0.656121 -0.878659 -0.71081 -0.43044 0.190374 0.250092 -0.338385 -0.0360389 -0.112268 -0.850925 
0.115522 -0.572098 0.626817 0.26849 -0.619843 -0.722941 -0.492894 -0.699112 -0.779484 -0.339175 -0.856646 0.123208 -0.0241756 0.425991 -0.373463 0.290722 0.8449 0.215381 -0.661978 -0.914341 0.284064 0.994032 -0.793 0.627723 -0.436408 0.427269 -0.122185 0.21308 
-0.609181 0.769662 0.348645 0.506752 -0.835363 -0.0110278 -0.197041 -0.422279 0.269548 0.282347 -0.211544 0.486547 0.889054 0.0219627 -0.603533 -0.0810037 -0.547696 0.236292 -0.820236 -0.707146 -0.547497 -0.45226 -0.620843 0.735737 -0.470099 -0.414487 0.36346 0.105365 
-0.987219 -0.758724 -0.681555 -0.595989 -0.989063 0.6806 0.910763 -0.791499 -0.330428 -0.313996 -0.213778 0.935604 0.968351 0.664831 0.422151 0.911523 -0.313207 -0.968094 -0.169481 0.134747 0.268198 0.040237 0.427601 0.719872 0.587977 0.806114 0.455609 -0.870251 
-0.621728 -0.180931 0.235534 -0.595593 0.0477323 0.553558 -0.262663 0.0712821 0.191619 -0.280819 0.236617 0.90373 0.400985 -0.933996 0.841596 0.373536 0.736983 0.261485 0.287325 -0.582372 0.294573 -0.884422 0.552462 -0.438411 0.127671 -0.0200232 -0.718539 -0.256208 
-0.21391 0.737069 -0.12646 0.177717 -0.443862 -0.891346 0.582124 0.616483 0.662212 -0.609457 -0.312235 -0.10363 0.109724 0.967548 -0.199899 -0.485091 -0.966448 -0.360565 0.888445 0.764387 0.900919 0.173503 -0.817984 0.19431 0.289081 0.734391 0.755899 -0.555104 
-0.293477 -0.96264 0.179904 0.500459 0.77279 -0.937772 -0.195759 -0.669432 -1.05942 -0.739701 0.918397 0.833094 -0.389973 -0.365185 -0.289293 0.760565 -0.377354 0.529565 -0.729456 -0.364085 -0.831081 -0.836081 -0.599297 -0.930081 0.342503 -0.417682 0.260246 -0.373497 
-0.68329 0.0201292 0.0713992 0.0310779 0.0574894 -0.739913 -0.468464 -0.168081 -0.677685 0.209711 0.162487 -0.506803 0.47001 0.109537 -0.673709 -0.879148 0.744352 0.0557552 0.881417 -0.653284 -0.41468 -0.843108 -0.0173689 -0.24568 -0.67919 0.382934 -0.17576 0.658232 
0.975475 -0.91153 -0.612889 -0.718038 0.113973 0.356135 0.297112 -0.833912 0.619177 0.844576 -0.0404022 0.938536 0.0462798 -0.839506 -0.588192 -0.475702 0.262138 -0.241976 -0.396781 0.0143831 0.812804 -0.473432 0.361606 -0.600901 -0.316541 -0.65627 0.15342 0.00426946 
0.726664 0.97766 -0.337498 0.691916 -0.933871 -0.0527625 0.973878 0.174728 -0.696628 0.286918 0.340816 0.919594 0.131494 -0.661177 0.85813 -0.814218 -0.500683 -0.710137 -0.28992 0.769348 0.0478867 0.355231 -0.216269 -0.138334 0.881798 -0.85517 0.260765 -0.434743 
-0.516366 -0.585815 0.58822 -0.784777 -0.614813 -0.767971 0.865363 -0.542026 0.0997648 0.881017 0.608485 0.482638 0.167099 -0.0264817 0.402782 -0.70057 0.307961 0.260362 -0.518803 0.811658 0.550266 0.195293 0.580728 -0.401888 -0.456088 -0.635263 0.459777 -0.567678 
-0.490434 -0.279457 -0.00242105 -0.00187429 0.134728 -0.432894 0.213349 0.526572 -0.200866 0.120488 0.984546 0.978401 0.00150555 0.617248 0.461039 -0.830559 -0.409233 -0.136729 -0.531129 0.903108 -0.876366 -0.0459164 0.714767 0.673859 -0.850624 0.295773 -0.72803 -0.3001 
0.654541 0.731748 0.0744974 -0.829924 -0.566844 -0.8702 0.160685 0.587018 -0.342399 -0.618449 0.104456 0.496041 0.499263 0.0981366 0.47956 -0.496456 -0.155356 -0.0645197 -0.327098 0.306152 0.798294 0.141857 0.20926 0.922385 -0.90406 -0.0759729 0.596244 -0.754683 
-0.7802 0.868214 -0.0547835 0.88031 0.599962 -0.922562 -0.949614 -0.947747 -0.792762 0.218588 0.63927 -0.0958558 0.600138 -0.247139 -0.599815 0.102177 0.850997 0.874626 0.605721 -0.433618 -0.189894 -0.721293 0.872534 -0.391142 0.420564 0.0817944 -0.468757 0.516504 
-0.994179 -0.872513 0.760191 -0.774379 0.995429 -0.292963 -0.891665 0.595664 -0.156807 -0.843683 0.650066 -0.00828668 0.374014 0.287187 0.896267 -0.0249567 -0.995623 -0.703958 -0.923512 0.891045 -0.829332 0.682942 -0.57496 -0.0192257 0.961649 -0.670039 0.603991 0.382213 
0.411756 -0.879124 -0.101283 0.417577 -0.751637 -0.339463 0.643199 -0.755936 0.367575 0.74913 0.839728 -0.84795 0.905447 0.487644 0.143763 0.280352 -0.225169 0.0396209 -0.744605 -0.185122 0.335663 -0.667384 -0.294077 0.506331 -0.984443 0.16335 -0.512895 0.977206 
0.490591 -0.923262 0.359419 -0.0949333 -0.79046 -0.741865 -0.677324 -0.554024 -0.0813272 0.965842 -0.308727 -0.713752 0.714972 -0.470232 -0.579844 0.620419 -0.982587 0.582061 -0.117074 -0.207757 -0.378318 0.156166 0.607122 0.957345 0.488781 -0.686955 0.463676 0.504339 
0.476395 0.950782 0.481545 -0.0302944 -0.972481 -0.159036 0.874772 -0.774867 0.099099 -0.802584 -0.328891 -0.982228 -0.836742 0.361149 -0.695981 0.87823 0.890917 -0.257683 0.498649 0.90833 -0.675622 -0.60058 -0.299426 -0.0539397 0.555586 -0.692305 -0.0965946 0.0443677 
-0.37926 -0.632918 -0.451293 -0.902866 -0.682137 -0.969748 0.0801913 -0.654617 -0.118035 -0.0583876 -0.429485 0.970314 0.139028 0.241624 0.988086 0.302287 -0.410454 -0.707894 0.180517 -0.506309 0.00932183 -0.320833 -0.597979 0.358801 0.0777946 0.102594 -0.695139 -0.365827 
0.410289 0.208267 0.678541 -0.968971 0.575348 -0.772753 -0.871836 0.893212 -0.742501 0.195004 -0.761406 0.128714 -0.863384 -0.19089 0.0990285 0.275645 -0.949266 0.0871145 -0.422068 -0.346493 0.37922 0.758449 0.147198 -0.586357 -0.562384 0.549218 0.772444 0.516202 

-0.922937 -0.937898 0.829226 -0.13908 -0.783645 -0.245868 -0.68378 0.416299 0.0101881 0.442377 0.566281 0.801837 -0.446627 -0.171439 0.877887 0.62852 0.41052 -0.493922 0.0338059 0.164941 0.65315 0.421383 0.602557 0.202494 0.194143 0.118759 0.835542 0.271132 
0.916409 0.0980514 0.417625 -0.769165 0.467878 0.647135 0.164483 -0.0897449 0.20005 -0.03368 0.451661 -0.971389 -0.181109 0.0801807 0.435103 0.324968 -0.912079 -0.399956 -0.0217561 0.509304 -0.797399 -0.819262 -0.296869 0.32136 -0.964956 0.974263 -0.409505 0.951453 
0.687743 0.948591 -0.827811 -0.68936 0.296983 0.220895 0.0176198 -0.748849 -0.439031 0.0676243 0.0908999 0.752736 -0.459582 -0.60499 0.8666 0.102772 0.374606 0.349961 0.313016 0.553992 -0.94238 -0.373267 0.608327 -0.972646 0.217228 0.54049 -0.441679 -0.0942255 
-0.493088 0.693312 -0.940824 0.912091 -0.428712 -0.836758 0.952627 0.638913 0.233284 0.705363 -0.85836 0.628295 0.546021 0.244411 0.00154891 -0.104018 -0.450216 -0.444459 -0.0509269 0.176517 -0.855422 -0.0235728 -0.606255 0.685067 0.534748 0.299519 0.18655 -0.95834 
-0.127741 0.107232 -0.421031 -0.016575 -0.669705 -0.377662 0.98705 -0.954706 -0.281832 0.605833 0.494065 -0.991611 -0.587774 -0.512704 -0.435645 0.162923 0.426432 0.73469 0.283012 -0.587204 -0.867496 -0.00743227 0.948878 0.427954 -0.820882 0.989204 -0.51657 0.0589801 
-0.341876 0.583241 0.471117 0.239135 0.970544 -0.545458 0.983388 -0.689526 0.0768795 0.960926 -0.644233 0.840857 0.566759 0.947082 0.849246 -0.82586 -0.565623 -0.592581 0.337063 0.870746 -0.857891 -0.355437 -0.716458 -0.729457 0.637131 -0.768914 0.698497 0.816249 
-0.776216 -0.825494 -0.124679 -0.121586 0.760564 -0.653654 -0.846694 0.728291 -0.176373 -0.899063 -0.923441 0.877768 -0.985189 -0.605468 0.68015 0.628622 -0.651384 0.56787 0.789803 -0.224009 0.975201 0.139825 -0.353864 -0.882602 0.781188 -0.0697215 -0.612059 0.42152 
0.161364 -0.913562 0.237769 0.381654 -0.739057 -0.887002 -0.739932 -0.98131 -0.540656 -0.622384 0.746981 0.260232 -0.521447 0.785745 0.138 -0.459584 -0.819723 -0.143376 -0.830962 -0.47811 -0.575505 0.9718 0.297881 -0.600216 0.111626 0.944617 -0.482819 -0.103986 
-0.127202 -0.0948777 -0.705983 -0.96374 0.00557021 0.555303 0.408584 0.252503 0.691656 0.677982 0.334689 -0.872355 -1.10558 0.0181739 0.385084 -0.465848 -0.191926 -0.474123 0.0777595 -0.0158042 0.382576 0.243606 0.506043 0.806996 0.215406 -0.196033 -0.79322 -0.672968 
-0.251416 -0.276039 0.223046 0.62348 0.629083 0.54058 0.65974 -0.379357 0.095883 0.077655 0.873146 -0.235816 -0.244363 0.14434 -0.108171 -0.188764 -0.837486 -0.720294 0.345388 -0.0335674 -0.194417 -0.580045 0.950628 -0.811916 0.663561 0.456714 0.99508 -0.121033 
-0.736924 -0.79814 0.2046 0.00926533 -0.0964114 -0.570955 -0.403728 -0.445095 0.984862 -0.707514 0.234856 0.0655086 0.261995 0.0486942 0.804261 -0.874222 -0.808942 -0.278479 -0.0638882 -0.644452 0.105761 -0.717598 0.321605 0.80681 -0.310673 0.272608 0.994895 -0.634082 
-0.270677 0.989975 0.244885 -0.00999602 -0.808165 -0.549116 0.999269 0.117657 -0.120071 -0.367985 0.672561 -0.150445 -0.0754995 -0.151891 0.915063 -0.705359 0.896803 0.744756 -0.579581 -0.910163 -0.533723 0.357434 -0.554615 0.467504 0.639835 0.767365 0.274315 -0.657808 
0.0414637 0.26921 -0.289199 0.769296 0.274627 0.952995 -0.457218 0.45102 -0.588771 -0.241431 -0.444338 0.283808 0.375831 -0.758762 -0.988058 -0.684916 0.0594123 -0.951573 -0.389715 -0.0138494 0.84194 0.0301452 0.0773214 -0.74054 -0.612421 0.521372 0.726964 -0.972586 
0.288737 0.00127882 -0.630394 -0.67129 -0.729511 0.0777165 -0.901994 0.529674 0.0307116 -0.142694 -0.019306 0.434591 0.615875 0.549371 -0.281601 0.00645904 0.790609 -0.148238 0.321543 -0.120043 -0.0998113 0.931269 0.866108 -0.306629 -0.0385856 -0.0579048 -0.0471691 0.348993 
-0.533346 -0.320205 0.427458 0.752204 0.667054 0.746014 -0.90292 0.951562 -0.22664 -0.821079 0.446652 0.854442 0.0467646 -0.53807 0.296039 -0.347898 -1.00845 -0.992568 0.663008 0.80191 -0.0841532 -0.019896 -0.31763 0.759382 -0.0887514 -0.452025 -0.547246 0.872788 
0.49007 0.405585 0.221781 0.953538 -0.914621 -0.401812 0.705742 0.766453 -0.655798 0.786657 0.718015 0.167932 0.965577 0.199251 0.0223739 0.00180348 0.661181 -0.688594 0.653905 0.672482 -0.681162 0.312466 0.474392 0.178032 -0.70743 -0.843741 -0.0625858 0.203943 
-0.292363 0.390168 0.0174989 -0.805696 -0.219103 -0.701488 -0.856096 -0.118868 -0.0982185 0.853583 -0.650902 0.240902 0.640841 -0.6344 -0.61338 0.605817 0.571604 0.431208 -0.59698 0.226032 0.743461 -0.738474 -0.101716 -0.938548 0.568575 -0.627094 0.239484 0.866561 
-0.470835 -0.823102 0.0705037 0.233399 0.567066 -0.852766 0.427703 -0.637181 -0.554254 0.575545 0.243951 0.342446 0.429128 0.891536 -0.416652 0.0693681 -0.742864 -0.00781855 -0.324815 0.821987 -0.576611 0.282806 0.0480198 -0.833996 0.544331 0.946534 -0.772544 0.118322 
-0.673859 0.46694 -0.00561265 -0.151395 0.646028 -0.944613 -1.11265 0.210905 -0.789077 0.509707 0.566181 -0.351633 0.103994 -0.182326 0.978928 -0.48562 -0.291101 -0.42584 0.569015 -0.0336543 0.483346 -0.741067 -0.211713 0.989731 0.541109 0.836353 -0.85519 0.0860699 
0.782887 -0.616809 -0.795608 -0.897674 0.850131 0.189276 -0.0490689 0.49397 0.244662 0.0329349 -0.295125 0.447284 -0.457358 -0.721402 -0.904349 0.627893 0.0962721 -0.913537 -0.857727 0.805482 -0.339376 0.72602 -0.228173 -0.773035 0.984953 0.560161 -0.783304 0.526692 
0.39728 -0.627569 -0.337789 0.1794 -0.377626 -0.182846 0.263334 -0.394247 -1.00735 -0.767342 -0.896083 0.251092 0.375889 -0.195403 -0.302881 0.808234 0.0818013 -0.205974 0.513772 -0.820533 -0.119084 0.578401 0.984949 0.541113 0.303021 -0.243223 0.765902 0.289374 
-0.683063 0.984775 -0.183934 0.713451 -0.642794 0.428828 -0.107149 0.112828 -0.754018 -0.825422 0.718581 -0.747588 -0.592764 0.818304 0.503504 0.672828 -0.377098 -0.798121 0.481063 0.706097 -0.00409452 -0.0828098 0.885564 0.876395 -0.504409 0.870514 0.417508 0.800012 
-0.409749 0.185587 0.0883872 -0.0557723 0.17486 0.905452 -0.337171 0.527569 0.334292 0.55053 -0.36028 0.580262 0.726444 -0.641022 0.835764 -0.867656 -0.822717 0.336177 0.804187 -0.199816 0.538117 0.286234 -0.493719 -0.466038 -0.796576 -0.608155 -0.589643 -0.300985 
-0.737641 0.827866 -0.500973 -0.110351 0.0134526 0.588413 0.833877 -0.816185 0.493865 -0.508444 0.711383 -0.171855 -0.957914 -0.64822 -0.591593 0.767194 -0.289241 -0.758919 0.899537 -0.111959 0.577258 0.704709 0.688226 0.115314 -0.00905669 -0.805493 0.649276 0.194368 
-0.422866 -0.940366 0.893383 -0.151289 0.887237 -0.607591 0.738469 -0.0990483 0.980822 0.572237 0.123863 0.474687 -0.936207 -0.20385 -0.70188 -0.894121 0.126992 -0.288761 0.873073 0.858689 -0.0476807 0.77261 -0.239607 -0.470423 0.471717 -0.565044 0.644892 -0.531737 
-0.370537 0.294168 0.66263 0.215815 0.353802 0.556013 -0.935474 0.241301 0.948422 0.802886 -0.857748 0.929245 0.375123 0.227019 0.403931 0.438916 -0.976831 0.706763 0.544795 0.171099 -0.581998 0.417868 0.0297879 0.370321 0.190478 0.776518 0.899898 -0.332202 
-0.788525 0.54479 0.13606 -0.159063 -0.161042 -0.201309 -0.943248 -0.807241 -0.681817 -0.878722 0.413148 -0.696874 0.924165 0.576312 -0.738208 0.299288 -0.196669 0.636302 -0.28687 -0.1735 0.332383 -0.717 0.997599 0.761067 0.700868 0.0273865 0.160471 -0.108654 
-0.196095 0.0312866 0.559144 0.0153795 -0.423924 -0.304795 0.856317 0.415034 0.493895 0.913069 0.607794 0.848599 -0.965652 0.0418537 -0.848275 0.958512 -0.381834 -0.615904 0.2578 0.421497 -0.979602 0.996005 -0.752003 0.363463 -0.720996 -0.754405 0.12453 0.979873 

-0.744222 -0.923113 -0.57161 0.863281 -0.052994 0.278316 -0.386911 -0.138348 -0.112981 -0.531938 -0.0982855 0.927963 -0.37839 -0.145488 -0.489632 0.00388274 -0.890713 0.967626 0.0225325 -0.891683 -0.784573 -0.612256 -0.60016 -0.538782 0.512274 -0.632806 0.7342 0.768192 
0.811086 0.668776 -0.081322 0.851935 0.413807 -0.286412 0.0831028 0.881869 0.609588 0.0110659 -0.498344 -0.5359 0.557195 0.505538 -0.423588 0.524821 -0.470181 -0.31527 0.740444 -0.0824376 0.0720511 -0.798339 -0.570164 0.439245 0.935861 -0.801972 -0.322342 0.746947 
-0.654184 -0.827898 -0.482262 -0.445415 0.427078 -0.563546 -0.194245 -0.536735 0.105746 0.28951 -1.00847 -0.556352 0.833319 0.545281 -0.0801646 -0.449348 0.275659 0.891029 0.616945 0.487385 -0.671175 0.0619484 0.422704 -0.481107 0.739607 0.170194 0.772317 -0.913959 
0.944419 -0.677272 0.781404 0.765714 -0.63604 -0.771021 0.155967 0.65347 -0.750561 0.599614 0.519393 0.794719 -0.426919 -0.929955 0.0804431 -0.535891 0.692748 -0.432171 -0.215026 -0.245303 0.991075 0.303867 -0.505697 0.161269 0.0761839 -0.419656 -0.0182386 0.0206034 
0.295985 0.588567 0.0794046 0.206999 -0.0451205 -0.139531 0.568968 -0.437995 -0.67416 0.37297 0.216188 -0.550092 -0.364862 0.599195 -0.883213 0.0212414 -0.615498 -0.102647 0.00445923 0.688036 0.386372 -0.826415 -0.234857 0.972 0.155347 0.784823 0.779164 -0.540164 
0.118942 0.367731 0.302874 -0.781225 0.174155 -0.490127 0.547587 -0.863454 0.370343 0.125838 -0.301449 0.750205 -0.501193 0.833637 -0.799887 -0.0477798 0.432832 -0.657231 0.973462 0.817001 0.240122 -0.0142218 0.505037 -0.368222 0.159363 -0.730743 -0.396222 -0.68529 
-0.954135 -0.617058 -0.217891 0.173022 0.750558 -0.92258 0.359831 -0.0751728 -0.553264 -0.0606152 0.0872476 0.957636 -0.922291 0.759924 0.692083 -0.43597 0.624711 0.907954 0.528744 0.0263922 -0.746669 0.489712 -0.157106 0.490844 -0.52451 -0.65157 -0.877378 0.634853 
-0.382313 -0.273599 0.949563 -0.328233 0.109342 -0.275892 0.84479 -0.139985 -0.198472 0.236587 0.784842 0.388821 -0.824028 -0.153785 0.346457 -0.758806 -0.393861 0.0542982 -0.194776 -0.8003 -0.0377479 -0.678525 0.226092 0.212975 0.811187 -0.930515 -0.296181 -0.713323 
-0.581886 -0.173558 0.923194 0.0356022 0.559907 0.871093 0.743061 -0.337815 -0.469425 0.552159 0.428534 0.39673 -0.186425 0.307042 -0.289743 -0.0352821 -0.84261 -0.867992 0.206597 -0.240604 0.0752821 -0.988863 -0.0407447 -0.851442 -0.667388 -0.814812 0.361533 -0.856202 
-0.745327 -0.934648 -0.569525 -0.327412 -0.108206 -0.647995 0.70819 -0.555364 -0.776902 0.41556 0.106821 -0.1817 -0.0322811 -0.370979 -0.784971 0.756465 0.936063 0.000580186 -0.278817 -0.910681 0.132588 0.927095 -0.151285 -0.681106 0.938232 0.807811 -0.532548 -0.729157 
0.992625 0.828985 -0.623276 -0.752328 0.867207 -0.154883 -0.0262438 -0.213868 0.217126 -0.371549 0.246808 0.42022 -0.981208 -0.662411 -0.753053 0.0117293 -0.0529465 -0.54645 -0.236179 -0.0973272 0.4556 0.489377 -0.00770025 -0.413282 0.416472 0.840707 -0.0943883 0.354704 
0.648518 0.373064 0.625547 0.641517 0.202049 -0.959811 0.889189 0.0963863 -0.114695 -0.190551 0.882518 -0.917573 0.4379 0.113286 0.502647 0.48191 0.450875 0.741167 -0.506361 -0.582514 -0.805283 0.261834 0.320159 0.648847 -0.248789 -0.687849 -0.764436 -0.832317 
-0.858807 0.141176 0.543331 0.801376 -0.499468 0.147933 0.463042 0.716289 0.140674 0.332083 -0.233356 -0.926573 -0.966805 -0.304807 -0.867567 0.579432 0.732359 0.658502 0.0623619 0.259354 0.400189 0.554981 0.678185 0.594386 -0.173515 -0.00300169 0.243232 0.568025 
0.309149 0.478797 0.735708 0.462007 -0.380027 0.258094 0.263383 0.134213 -0.593972 -0.293723 -0.149499 0.59415 -0.96164 0.663176 0.667577 -0.820108 -0.641631 0.823432 0.759323 -0.833153 0.481934 -0.179335 0.426201 -0.118398 -0.624354 0.103041 -0.524012 0.192461 
-0.893947 0.719221 -0.256263 0.409188 0.258116 -0.503805 -0.125021 0.81799 0.760332 -0.865421 -0.027815 -0.839683 -0.163543 0.802704 0.886074 -0.120784 0.484112 0.422045 0.0543937 0.824248 0.280923 -0.181569 0.992012 -0.27259 0.638822 0.417297 0.609012 -0.985257 
-0.479662 -0.914999 0.207204 -0.379623 0.804221 0.96769 -0.970435 0.00223846 -0.536115 -0.0992393 -0.179771 -0.781826 0.0353396 0.772431 -0.621509 0.876196 0.575135 -0.867042 -0.244588 0.0410143 0.555003 0.81452 -0.134738 -0.199521 -0.367049 -0.143642 0.527889 -0.727953 
-0.714021 0.136902 -0.859291 -0.206008 0.222355 0.493993 0.401037 0.0261234 0.454242 0.443934 -1.24331 0.925569 -0.592744 -0.15141 -0.844183 0.380034 -0.38223 -0.477766 0.257826 -0.803844 -0.514058 -0.988358 0.23684 -0.789805 0.826161 -0.897567 -0.0276336 -0.540888 
-0.0412094 -0.461436 -0.268841 0.232445 0.675465 0.0179487 -0.973564 -0.102632 -0.488058 0.440805 0.923491 0.973626 -0.115261 0.951853 0.899195 0.229434 -0.199557 -0.957062 -0.390532 0.421465 -0.434828 0.865698 0.617621 0.220364 0.87734 -0.145208 0.430559 0.703501 
-0.0416689 -0.558766 -0.83697 0.916016 -0.0259118 -0.106228 0.128393 -0.344737 0.874582 0.174897 0.576247 -0.576337 -0.422535 0.476122 -0.532527 0.500441 0.42935 -0.703516 -0.270338 -0.771581 -0.660579 0.339343 0.649992 -0.0954069 0.191653 0.267505 -0.875043 0.0823811 
-0.877703 0.555517 -0.214118 0.0795225 0.99675 -0.0515042 -0.00446156 -0.0234519 0.842268 -0.856001 0.631811 0.753989 0.318896 0.184442 -0.822347 0.934598 -0.339436 -0.425058 0.435039 -0.911461 -0.128574 -0.835086 -0.683042 0.210847 0.504257 0.966841 -0.88456 -0.290702 
0.236952 -0.759602 0.85377 0.356644 0.792046 -0.422438 -0.589864 0.792665 0.376958 0.431705 -0.245498 0.368326 0.5818 -0.598976 0.123752 -0.1054 0.58457 0.299968 -0.17253 -0.75397 0.875352 -0.735763 -0.66543 -0.253664 -0.582377 -0.348472 0.957183 0.933409 
-0.381631 -0.927377 -0.357293 0.852716 -0.686979 -0.565614 0.209359 -0.891065 0.011948 0.645526 0.901599 -0.461994 0.0772303 -0.329188 0.906331 -0.347066 0.0718359 0.0286467 0.547534 -0.342698 -0.671385 -0.623268 -0.0966676 -0.796475 -0.359031 0.237902 -0.0501394 0.0701206 
0.88943 -0.0929564 -0.0263497 -0.492201 -0.02008 0.646236 -0.655609 0.292688 -0.926436 0.569874 0.405092 0.09257 0.215571 0.303222 0.631041 -0.70737 0.974034 0.536907 -0.0637284 0.0458702 -0.434446 -0.506902 0.703172 -0.105832 -0.13017 -0.393495 0.111527 0.510799 
0.844407 -0.952446 -0.419081 0.733837 -0.0454026 0.584448 -0.758364 0.934264 0.230684 -0.39785 0.226952 0.311306 -0.827976 -0.371425 -0.596124 0.387423 0.931797 -0.965548 0.680053 0.905831 0.571359 -0.374383 -0.0482985 -0.863088 0.118714 -0.345126 0.0310806 0.988544 
0.267144 -0.871226 0.52327 0.105785 -0.822736 -0.919738 -0.166912 0.130925 0.66471 0.0812572 0.0826207 -0.104605 0.694815 -0.707859 -0.793299 0.855431 -0.0954061 -0.389423 0.242855 -0.147487 -0.354971 -0.0770924 -0.241655 -0.783612 0.548524 0.710046 -0.638438 -0.332761 
-0.63508 0.384381 -0.344217 0.626298 0.513154 -0.844874 -0.267917 0.689482 -0.764613 0.571705 -0.179594 0.900098 -0.347038 0.885595 -0.204508 -0.663631 -0.822263 0.0021932 -0.808199 0.0984527 0.61277 0.434655 0.950966 -0.742201 -0.642437 -0.290689 -0.525813 0.906087 
-0.58748 -0.172513 -0.426674 -0.215723 -0.788133 0.229109 -0.589425 0.725022 0.372809 0.142658 0.414503 0.619622 -0.301637 -0.76509 0.528223 0.367325 -0.862519 -0.684788 0.703695 -0.701758 0.317405 0.895495 0.37734 -0.0698245 0.335851 0.34766 0.178168 0.687713 
-0.943029 0.662162 0.5938 -0.523672 -0.510351 -0.832874 0.260604 -0.298484 0.396235 0.671179 -0.573462 -0.219531 -0.186163 0.841041 -0.599909 0.5282 -0.92405 0.919811 -0.104474 -0.803545 -0.764977 -0.40078 -0.505303 0.552428 -0.505285 0.891391 -0.517396 0.824866 

